428.68246991689836
961.01135527456097
926.44090422325996
707.45777139985182
798.08612379297722
654.28656824565769
1247.1317614469322
708.8686042141054
617.08658585808689
921.55982212729009
1054.9337397335298
788.81772586146644
1834.4384100519701
829.42315073047428
740.15195223003138
719.46339640816598
901.96698109867907
909.23944158435188
661.38446378866797
669.14756379496225
1457.8599835236241
752.06710609364495
717.75605667643902
690.00332094396288
961.29364268137761
974.37589288735614
1077.9828904312128
910.26647463352776
797.01390120337305
922.8715200158349
765.29816697812635
428.9684755755149
962.0190888370596
927.19531384913068
703.61613489907018
808.98122116672755
732.04045344555311
852.30778981611536
742.77367431887069
605.38906354767778
936.47041732509012
1053.7549375809822
781.43288358527172
1833.8885222291553
828.28526970109579
734.97513336018881
763.41597701105661
901.89244033801458
911.78596894497764
662.42907067431349
700.39424245088037
1485.53045695738
622.41834962526571
683.36072326348688
714.84742874051915
1456.7854268547815
1004.3676493986814
1126.8386102293798
993.09541313352395
955.96758225715382
984.27836588768162
817.89437384108135
503.81428126258419
750.94581768868738
950.32826445208229
689.77127271027416
867.35522906806693
828.27844980808277
778.83487783257647
690.09701964713952
535.69688362661338
1477.4049261747953
931.88168599768778
1012.9875983879705
928.2935405370539
706.17534786817373
765.42115668266342
758.72162957450109
758.93033392748032
960.15296905355262
750.48465384098245
755.60438307236006
955.00509129410159
654.01881593787505
751.41644500693587
704.45739452825148
2452.226808696189
974.15940932880108
928.59638519186092
810.82353202637591
764.4138835242602
2457.2679297284772
700.50765191371147
503.73450313342772
749.05077507274302
1839.0018409668519
835.16172690990197
786.68052948613342
653.28619616498236
1247.1317309612464
886.43106962191359
632.66330455781906
887.86496789268074
931.90490293350774
1013.1422027234971
928.48731611351627
706.8214038518945
766.71974051688994
707.26542118433213
765.16265232634964
2527.6739357968404
705.51275238286462
768.26601800927961
2513.1539318744058
752.06725453193849
717.75998457442938
690.04516538040627
961.29366038852822
975.94996933709467
1078.0218343303829
910.37526341649743
797.02455683170422
922.87155951894545
765.29850693701349
501.515308329015
748.87623349703142
1838.9964883984192
835.08612027623212
786.69071159934992
652.4096298336699
2316.5081901026392
885.84594710467127
628.28817354555042
887.98704139403844
931.90671477516628
1013.1539305482288
928.51985558538706
707.16279626459368
766.72073748502828
707.89675830502756
768.48248358616752
2527.0796582424555
705.13839347296266
768.24084562596715
2513.0909828790564
707.17821661468827
782.28090694476532
785.61173409237904
916.08907375805472
849.15889630370634
1317.8543731680236
851.5365287848598
735.04113756560196
963.01396163063703
808.90498229521904
503.17147831509226
751.03259339301405
951.03000064805394
696.17456770837055
867.38807282815071
828.28116523071185
778.83542277869094
753.25417378271356
564.34133273239547
2497.5771994502538
1054.923162293348
788.75163908803222
947.70587912461292
684.72691164898231
818.5108561072866
667.08174270010034
706.77326909515887
1494.5615809076792
757.01690694113711
888.95584407807712
899.47539590830922
654.01944444246305
751.42633409807695
704.55993441007547
2452.2268775298917
977.33007998331766
928.93920399250237
811.14657208757035
764.44504624914691
2457.2681616118512
700.50977057691352
497.30737248714036
681.0783367706025
1816.5806261664054
822.99500457376655
961.34760547682788
891.36847538202846
818.73543443129563
882.4556380598342
625.89593762025856
876.54249402684525
931.90595826684489
1013.148777403356
928.51399196936677
707.1513227668637
766.67319977303941
707.81752645123902
768.39062757750958
2526.7784476054194
697.72616102351571
767.7775441340475
2512.2212313714122
652.93505085021047
834.82473096963304
834.17347994457214
1691.1493423410009
800.76853029422819
1479.3294423704087
891.22901918878244
815.97990838855571
1708.2254449734257
684.36533826923107
497.86924907630987
1017.4786089010096
1087.8005507290579
722.96904349067881
834.29672972005687
661.4932588321019
1322.930751023496
751.9155530697883
560.31622409479155
2496.6795544764832
1054.9198108441135
788.73069922477509
947.68877605729176
684.6565826093688
818.28883255824235
659.85854360460496
706.08135989709263
1493.8361738696465
755.03023090828992
886.79197107257983
887.8832728454488
751.90711293571007
723.23249248685295
693.72957150133027
961.96786704418082
974.92765418587396
926.556390928317
798.12435326779644
735.36316200881345
963.4419173504541
807.86520942573077
428.93039192293293
961.36664376916258
926.60368646019242
704.79220954806158
802.20302330763491
765.37794538372623
1655.8691150738787
754.24754867123329
556.56913414964424
2493.2472667284524
1053.7464937954589
781.38438628344579
947.49103728186401
683.90840002765981
815.35495985476462
658.82345790837337
699.83938896608277
1492.5261782619079
753.94281863533047
870.81528757584408
884.28182522037821
718.84748357938599
908.61201937718761
829.63287955805799
883.67590824169372
962.20511669903374
1257.7165025781705
785.65156804270396
691.20787769774518
1250.4766357281137
720.5840169439374
422.98247741150834
949.41086634234716
945.3727457607115
693.49906525856363
1035.2474939752904
869.11257953059862
834.55569480464408
690.04148796985669
532.51331716664663
1477.1963623987817
931.88153015282126
1012.9865645784321
928.29085608993955
706.14855586414365
765.41982323641639
758.69924023747217
758.66677607288284
960.02606270416925
750.16468750555885
755.59388753017174
954.96555907368486
647.24928814128702
808.96173339686686
715.1041454024122
1699.8514666027506
975.17097706976256
930.98499824662247
822.05846084436371
820.61937653489508
1704.281034976746
693.47978801473585
430.11546909642465
934.79751958662382
923.90632986602998
688.8488755041285
967.91521483080282
892.00185320078947
818.82922466406296
744.86034988504275
621.88615583794888
939.02712202371197
1054.9008358278343
788.61174371815241
1834.0310098792286
829.55088245494051
735.3454573792385
763.0769139494829
903.51647784590432
913.57484318858531
664.41913717950206
700.12418106634573
1484.6295521665711
638.34244428952161
794.52794247036866
695.50757084967483
1704.528852567908
980.29187938798043
1053.0319893061931
892.92694402493805
841.27049133814796
1704.1159870320905
699.67327052507881
497.92545565984494
1017.2632018872243
1087.1585184894257
716.31364857169069
834.22651588511042
661.48706626977719
1322.9307509777088
686.68371592936614
535.26890784600459
1477.4441988263618
931.87589718946401
1012.9538912467533
928.25728838558973
706.15994621248126
765.14474677710007
754.40726416043526
758.78298038803098
959.62650469132348
750.47609329111572
752.12583147084865
955.29669756519127
751.90687796982456
723.22507985058917
693.65164635001986
961.96783856026241
972.48390105210729
926.29192765635219
797.87900727300064
735.33979891002321
963.44182347413255
807.86443108737569
430.55411148789187
960.39758744149128
925.23296869508749
704.67715722961032
788.39510700312599
649.52898719087705
1415.3836693800984
754.60143175149017
560.19404734331556
2493.7406994588287
1053.7239979906294
781.2434297497191
946.78545526451478
677.45533529588135
815.31447448959193
659.55287033351283
705.1086921289583
1493.2540091700498
754.50599793444837
870.76787681061512
884.3295395224867
711.92765340987035
727.32150333531661
694.7311787572753
933.6679075593097
975.03784899132427
926.72785289897513
799.28124929175522
738.67628465996972
940.6448261335305
770.74402367977393
431.19753345397811
961.87802824187906
926.68939355635928
705.1288293574795
802.25688884643182
765.38313481434466
1655.8691805914364
685.46551764948742
528.08642028493148
1476.6524139237235
931.87942181082144
1012.9737878535836
928.25656299804928
705.80503343218061
765.42016821440154
758.74886252560088
754.76328089115361
960.00807245065289
745.49399091079545
755.61250402752307
954.49311767721497
718.84698904032302
908.60181890441481
829.51509950795582
883.67384654941498
959.02805451917686
1257.365650512543
785.34807620271795
691.1812412055649
1250.4765315998222
720.5821854319563
430.16551876537807
934.80571399963969
923.91414630705708
688.92435510182463
967.91681813350351
892.00200245644896
818.82925872332112
745.4605581071736
621.92731835848178
939.43129274435819
1054.960996493023
788.98854822258943
1834.7646501680451
829.61288846936463
743.69293238309592
763.87388773849045
903.58412478806247
913.62944935557528
664.57593426040819
701.77402322636954
1485.8473950584439
638.34244526704288
794.52795735048971
695.50773055259344
1704.5288527913069
980.29686113941864
1053.0320854472234
892.92728940325094
841.27052124169791
1704.1159899038244
699.67327275800631
428.87419010485803
935.4787890106677
924.11174063495298
688.80521536129743
967.99363730606615
890.36698619999038
817.89377323089411
741.72384583425594
613.88273710535987
939.22707182077636
1054.955583230105
788.9549628301329
1834.6960555734943
829.43676667681245
743.09606026853771
759.17400382871392
901.89818376076244
912.04749297312685
663.08022134864393
695.77952921369717
1485.6485647366965
652.93453193444782
834.81686017451557
834.08350417564566
1691.148512218037
799.8104180324724
1479.3055236207897
891.14147865984671
815.97139094146883
1708.2252940191997
684.36475637992885
501.60146506326407
750.71776878584342
942.35405774088917
688.1321117306037
867.08125085054451
828.25580917789262
778.83033274805757
684.2382259867868
535.27116437988889
1477.2681112359076
931.87580353949011
1012.9529386630783
928.2564165461672
706.15960994457282
765.13281213252378
754.2876464131092
758.78125173302703
959.61892571335534
750.43998819747742
752.03476542039118
955.2265368857428
654.01880769284958
751.41630380974914
704.45599571707851
2452.2268077850595
974.11054497823147
928.59057339174353
810.81914077991223
764.41344192464703
2457.2679266796849
700.507624262425
501.56422469533078
750.91114561209588
951.02905480742504
696.17199700020137
867.37256623340465
828.27990837228288
778.83517402896973
753.25790008765114
564.34170486538073
2497.5867094350247
1054.9231758092087
788.75172375431123
947.70592504515776
684.72696558545363
818.51180039580618
667.09036692793813
706.77376193058956
1494.5621584472933
757.01801393364565
888.96505107114683
899.48476660133633
654.01944445062884
751.42633422655672
704.55993574239949
2452.2268775307862
977.33012116619818
928.93920844105787
811.14657628494763
764.44504665400609
2457.2681616148634
700.50977060443836
428.55817188606881
961.57392971105276
927.31237203172498
712.20317166165114
802.26969878220734
765.38437286166959
1655.8691960408773
754.18096372693924
556.85111152559489
2496.671556204195
1054.9142265976861
788.69569987176419
939.74918096989722
683.03217954625848
818.2729276489963
666.2627208429584
700.21722511004702
1493.5821083815063
752.00315363554228
888.9174192421109
899.17088254294617
718.84748781587678
908.61210555253592
829.63358601578796
883.67593459042223
962.23108637978498
1257.7146547004627
785.65370789009614
691.20804244947226
1250.4766364194959
720.58402809017446
500.05355284366141
1017.478453062756
1087.1616695093994
716.26589675562548
834.24541079725759
661.48873790249365
1322.9307509918417
686.55707174919394
531.88880225447099
1477.133924278854
931.71847584345358
1011.9039429461078
926.75314585903402
698.67755407166419
757.31034313420992
758.62693039412966
757.56109278074564
959.99283568677015
750.06828871405855
754.41819921365254
954.93965054921932
751.90680702769248
723.22298795121947
693.62955300368662
961.96783002694281
971.79814194328105
926.2184562507307
797.80942264560497
735.33320018191898
963.44179531279235
807.86419655689826
501.1945923393381
742.02183678572635
1838.7244416178025
832.18193794985382
786.29457221303289
652.3748648824278
2316.5081901026392
867.8120942042234
628.22681762832747
872.94722202896833
917.27702519425168
1009.9437852156719
926.76344326942888
699.56847708798682
758.48805350342423
698.37694847943123
766.87618936027434
2525.8525914291608
697.58699624955648
767.79678575854609
2508.8560983534198
707.17835709016549
782.28563154049345
785.65982021391335
916.08909034437613
849.45192351592266
1317.8708223884908
851.58807002712729
735.04603716816621
963.01398353386435
808.9051643172254
503.82069714061203
751.08454119512282
951.03025953768145
696.17439391775179
867.39462382439899
828.28170908119955
778.83553258483403
753.23937790799323
564.33991368984891
2497.5417862333361
1054.9231119791095
788.75132394935781
947.70570791553223
684.72671081048361
818.50733767321174
667.04966986703914
706.77143317522234
1494.5594316525626
757.0127810925419
888.92154850889608
899.44050777453401
654.01944441135447
751.42633360846185
704.55992933515824
2452.2268775264852
977.32992289309686
928.93918701562643
811.14655609950887
764.44504470629056
2457.2681616003779
700.50977047208039
501.51542010285789
748.87879826268534
1838.9996073146588
835.14653558240673
786.67011844526132
653.28528347087297
1247.1317309341375
886.43052201457658
632.6633237181353
887.86542332633087
931.90490342813109
1013.1422060076088
928.48731963816783
706.82140813380067
766.71977110898263
707.26607378435619
765.1626916501383
2527.6740086613768
705.51279030226397
768.26631714120424
2513.1546411128402
752.06725453210106
717.7599845790827
690.04516542959664
961.29366038854766
975.94997125147415
1078.0218343785559
910.37526354743545
797.02455684459574
922.87155951899342
765.29850693742617
501.65417061072617
750.91506592280143
951.02904623211282
696.17160422289226
867.37317660386066
828.2799292282167
778.83517397728428
753.25389950659735
564.34132266918868
2497.5772109767358
1054.9231623118676
788.75163920301623
947.70587918206184
684.72691163497939
818.51085747158049
667.08175310944728
706.7732689082178
1494.5615809478397
757.0169073976158
888.95585726561228
899.47540850924156
654.01944444224148
751.42633409458517
704.55993437395944
2452.226877529868
977.33007887009217
928.93920387224375
811.14657197379188
764.44504623816556
2457.2681616117707
700.5097705761674
431.24241287395319
961.62490398128091
926.86959328434966
712.19289178616509
797.37172029944827
650.68134367545167
1415.3836742435901
754.77069093569162
564.37798768822393
2497.5965402951897
1054.9231852053015
788.75178261377698
947.70598362384817
684.72727161527791
818.51239236786603
667.0958680605238
706.7767874255328
1494.5648501798869
757.02231111547121
888.97080680844772
899.49083148698708
711.95883068931346
728.39452348753082
702.19133076552203
933.67161270257748
976.9853960083733
928.4414152543286
808.46544138601359
739.96865848043274
940.64965444188078
770.78465780564704
428.86451371982423
960.95835068263477
926.61530008876082
711.4216590205225
796.07204358711328
720.72494196140508
2381.3174764473383
747.54940955513769
611.50743148526203
938.60829785906799
1054.9589957146816
788.97610854204004
1834.7482667120678
829.42113431983717
743.68593947327849
763.69888278015515
901.68579388738044
912.08591706451716
663.51994858656928
701.72000454979025
1485.7518551150515
712.35118644828083
851.57149881721159
821.61326827226151
844.90355425483722
756.59169714578218
1838.1456161229712
790.4098973363308
685.80776249367602
1457.531580149471
657.02061645989272
422.98247557622904
949.41084941871713
945.37269463900566
693.49854942109323
1035.2474871619399
869.1125790296669
834.55569470599323
690.03642104868788
532.51098877103027
1477.1919296695633
931.75683783087584
1012.1586567225123
927.4646620165031
706.07458293043146
757.37983550103161
758.69227445485956
758.6594646270421
960.02515168441766
750.13183832420168
754.4510351331603
954.95906830723811
647.24928808801451
808.96173257395321
715.10413704906239
1699.8514665881123
975.17072081687104
930.984970617405
822.05843455130696
820.61937394803397
1704.2810349299166
693.47978783561064
430.01766489560492
934.78632947541178
923.90617071770964
688.84859975378185
967.91410754732783
892.0017577244048
818.82920639346844
744.8603235063955
621.88615539060879
939.02712189618023
1054.900835827661
788.61174371707773
1834.0310098773898
829.55088244915396
735.34545736396694
763.07691375581862
903.51647778984534
913.57484312174188
664.41913712267126
700.12418092611222
1484.6295520447586
638.34244428951411
794.52794247025088
695.50757084843872
1704.5288525679084
980.29187934194351
1053.031989305096
892.92694402183088
841.27049133785545
1704.1159870320691
699.67327052505846
422.98187137935224
949.39413706932578
945.32219602326666
693.00941675099057
1035.2405244910265
869.11209623996672
834.55560620734298
684.5220912251965
535.37634314610818
1477.4430426915646
931.87588806782742
1012.953836452105
928.25729168824932
706.16080622273353
765.1439590909398
754.39771365002287
758.7909131048275
959.6298203731335
750.48558461908294
752.11787669199737
955.29391085222267
647.24942016519265
808.96376466995582
715.12481727606996
1699.8515020885661
975.79999814613473
931.05245660605021
822.12355805371203
820.62576556236615
1704.2811486933344
693.48023232587195
432.3156374640667
935.05354498499776
923.91048951107496
688.85517651927682
967.94104783351384
892.00406437675076
818.82965396832174
744.86089387542745
621.88616305531889
939.02710110508758
1054.900835794095
788.61174350693932
1834.0310094242843
829.5508823138739
735.34545245594211
763.07685029396964
903.51647683340684
913.57483764363712
664.41913486787917
700.1241344463898
1484.6295239683327
638.34244428965712
794.52794247230213
695.50757086998351
1704.5288525679453
980.29188014428644
1053.031989323526
892.92694407596412
841.27049134280003
1704.1159870325109
699.67327052542271
429.25962272763911
963.23927920025994
928.43026713872882
704.21317603282955
820.77992669254047
791.32312670859403
1639.000726167407
746.99182101597853
607.17714826930455
928.94281407537892
1053.7971115174025
781.69964679668919
1834.4556407431896
826.93885374374906
742.67415824239606
757.33766413850299
887.85627819207855
897.17326793806797
654.91980671911983
695.44903994248307
1484.8065345509256
758.84536182988541
944.50223999647824
816.91902741747049
980.63441525053349
1029.5367436101656
1104.5118207126359
838.01386293699795
695.88058715614784
1476.8655692289583
666.8115103239785
875.47823123663977
1011.5580167184828
932.91069408950364
713.1127210653226
810.13084090940595
722.48306662895368
2381.3175995983461
747.5465773257007
611.50122950005812
938.53007210979433
1054.9588699895999
788.97532093016025
1834.7467630895226
829.42016983943415
743.66968242559722
763.49469683078019
901.67746120884851
912.06614999399017
663.50709958810194
701.57003384984307
1485.6226025946899
712.35118627891927
851.5714953416375
821.61322632775739
844.90355354218048
756.59121902213451
1838.1456099461041
790.40986853445759
685.80775996546822
1457.5315801386876
657.02061629092486
531.01726706324905
140.40423110637204
825.59687356765903
200.9745560247076
900.63894465334897
877.28493487885567
850.33810897074898
134.3860266724833
150.72187717491374
592.72217741369877
592.82170925230082
150.73759284963268
771.55542549860604
135.45696298601717
150.99720205911314
628.88217628300242
708.05707690650354
133.65531131184636
923.08964046562107
211.86324331886385
1760.3875965579455
137.82235145663253
843.99626929374767
1758.4892235459843
639.30972057942051
154.25837499567623
764.90446710850813
205.69621887841166
133.65530784275654
941.16929700625963
943.35649297128191
135.6648520097072
728.94457187909507
133.65530777934779
799.54854468036592
134.67761471815226
151.60906359692285
602.72637517058865
636.21266892776146
185.0817178239538
680.71004427114917
153.02397690961655
152.87933546316401
633.44863484192035
715.31902976336346
136.35855798611431
613.72163962755917
193.75597355172613
974.54092441390856
204.41049903613455
1014.3915175552414
1031.4248564485108
947.54710871702525
165.07419133061475
152.2241038397836
726.54198052752531
809.27082156369431
136.56429241220323
668.93559551649446
154.39451883529168
756.38385900885021
135.63207491352821
531.29110971523892
140.42400775549521
825.95282004467083
200.8200168789632
901.96250342609846
878.4378076535852
861.59799062018749
135.91101174816251
154.46257867440954
651.99632629833854
718.10785781506036
121.55127866258955
768.89090675469902
136.1222408003168
174.35016197587021
675.10097356385825
735.31469430303468
133.42706936796969
921.85902812689505
211.42738054993313
1759.8806610132619
137.80004046496262
837.37114321390573
1757.8963834450383
692.96411156770387
178.27466469512606
764.07924276856818
205.63713359807605
133.42706494843569
940.85765076782639
944.23282631232507
136.52725220749662
729.62082585467749
133.42706488756323
795.64924258895201
135.2907063656574
174.95543902804403
647.14168385228766
658.97744970665201
186.78590255001362
681.29597986116801
121.54717603105695
152.0644772234653
615.45402029125637
646.82999944391213
183.70559824739905
608.52390681159375
193.02191274564115
1021.1357598932484
206.66942396972129
1038.6159771351745
1082.5414605655051
1002.5120697204494
194.24283320842767
121.54975317675773
962.69166210832657
979.9358732029458
137.6024189764957
727.9527807942203
156.64648118725137
777.35810744251353
134.95598042664759
520.57657033362887
180.91297643023589
842.01754118086546
201.33946451503348
813.30424908449106
908.63898772329355
788.74170240313379
203.97935464631479
121.54837410497451
862.99703163887352
862.99703163887352
121.54837410497453
755.55227375233812
135.08866148741296
174.42751397508954
639.67019394659792
645.07289729613365
179.8301883141493
976.02911636773376
141.42404901905036
826.87853271391577
201.00738571137137
936.85949702907794
879.70854836018691
689.56646571055308
178.04184683151394
771.49356456611895
136.43922953100753
183.45581917076214
695.12065100827976
751.43471347934576
136.4351344720838
688.98175662862195
183.01090139779012
823.68673799438818
136.37397156924789
177.8776319577579
687.3006079951781
748.57795990981947
136.27351834469908
709.27234862323621
121.54837402815511
121.5484120485702
730.45803470859994
695.64769607625396
189.04996614542759
625.70179843765777
140.66220686788779
827.01171132955517
200.93636225946017
910.94678471459724
880.18105905416132
863.9270190578211
136.54682145607524
121.54841255873373
740.99043998142133
707.44835926429585
192.08812896670719
750.28288814036171
121.54837404864888
769.81755896580592
136.29180066390441
520.42520663114851
180.81298511495817
1764.5173362009648
137.93494904560322
809.9093638247333
1763.4863457327285
840.25519408863056
134.36639850406422
150.66932206832922
591.99406781074583
592.09347708680662
150.68504401685297
768.28682407417659
205.22016777106091
131.43363472027173
925.05231966681652
927.8040797599275
133.96089542094592
976.05289931492848
141.42708245472053
827.05224202270722
201.04998563772656
937.04693448825844
879.92239020431998
767.0055104458595
131.43363464379922
772.19639378642648
136.5614878996254
133.96090009475509
753.95069323104201
705.36945414317984
189.56540557772851
768.20472693863803
133.96089537191421
825.10273516673067
136.62240222898288
131.43364791285896
753.99357649420324
710.50603822068251
192.53562401927323
680.71015509095787
153.02398418702538
152.87953714797843
633.4514616811523
715.32219680351398
136.35856136233892
625.06590186973733
194.57607757808788
974.57223785400743
204.41471097944648
1015.7665672517041
1031.4714308067523
947.64298451719003
165.07488213802867
152.22459466075395
726.55005881108332
809.27975002803703
136.56429908227238
668.93584086332305
154.39453582784728
756.42084975635464
135.63215198388423
518.80406566397653
180.68729792420336
1764.5110717629541
137.93346625793222
809.75562207006067
1763.481905033874
840.24534911059175
134.34919540991035
150.61146178695901
591.66196361036577
591.56322844490512
150.59574906079044
768.19995617391794
205.19270663068409
131.43207023163725
924.53972448229638
927.20005884203897
133.87564584077205
976.05474824388887
141.42731256340775
827.09304083601296
201.06919565695978
937.05719215138822
879.94667033475571
767.56100669636521
131.43207015309363
772.56861426256364
136.6266396221292
133.87565257058475
756.6050764607204
710.77204323413707
192.67650882397274
767.78668076956762
133.87564576226524
825.1030833882852
136.62190863872044
131.43208341991357
753.97433722045446
710.46491934132644
192.52221398901224
626.9586304084105
151.51525232982274
151.62043172006923
715.09070066670677
795.55086767559328
135.42392381304157
613.42274917592204
190.20126907827205
1238.5980059858971
188.92667570303936
911.26580994606684
1247.1107403501426
898.90381243241302
135.97162115263257
153.69509814428781
645.99601604305906
730.60418947484652
137.42113622201774
719.26832089904906
156.5933290758656
836.90978602369842
163.99382771585729
520.11739528561179
180.88373228512583
842.8517363994647
201.70057421701443
813.3815179436566
909.20826489663784
788.76572319099591
203.98122225775501
121.54837410497572
862.99942709156142
862.99942709156142
121.54837410497572
762.55004383746666
136.32785845423166
131.38854162823736
741.78762536963245
692.44411059515551
184.60692912793348
923.07859310671904
211.85937899248904
839.85611580483987
200.94595994640122
845.61168434681144
905.5556424443804
731.50836924041334
131.38852882636203
751.45855334803366
135.41586362291272
182.15875833731226
658.6440519338571
663.84481401618564
187.35962306056848
695.17981057675297
184.80512425245317
756.30957909387769
204.47799328533614
131.3885289247861
927.23657761890183
932.694130856161
136.40168655573345
709.27290306414011
121.54837402815538
121.54841204895837
730.4660482811363
695.6549159756006
189.05051891941471
651.03847965353987
140.72441812591646
827.26609443941493
200.9596121047858
913.28477802248619
880.61231354558447
864.21265735782924
136.54743289525737
121.5484125599569
741.01569253011314
707.47111776305508
192.0898778719222
750.28475713792
121.54837404864982
769.90822666593579
136.29199469628824
512.42375682744625
176.93793942966633
1740.1226317716191
137.69627668776752
753.55313177465041
1743.0386205611815
892.65052693579673
209.25849303210538
121.54837447219161
917.21321064092399
917.20898599567408
121.54745411645767
756.01678187408959
201.29089194482628
131.42102405507708
921.53855591454374
924.1599454644695
133.82893931637796
976.05397104808208
141.42721147256322
827.08817009459983
201.06839452403244
937.05080298879489
879.93981384412848
767.47917478444776
131.42102397717687
772.55659216524441
136.62484544827072
133.82894661104899
756.49585205133008
710.71101148893536
192.66764486083309
761.19845619806301
133.8289392297018
825.05125732657234
136.61281888674444
131.42103725321158
753.5889373024761
709.75223170526453
192.12457416557055
708.10782072894551
121.54718488685283
121.54837843128576
832.18804334310346
793.08459735662586
190.56467779096542
611.56591889221897
190.28967221986224
1412.301702062256
185.4915616350674
866.88262112605048
1396.357182678553
935.6961590305508
137.55875153186923
121.54923338256225
785.93724450457216
747.12249421594504
193.880180645123
736.02316481733055
121.5483740476288
872.46380119811784
170.21313822947374
548.09065081815857
185.38831424885691
986.38105245585064
206.48811571422584
1025.7558432866588
1039.220049002259
882.2340345240118
134.52690678937512
150.85200078938342
599.99399886301023
599.99399886301023
150.85200078938342
786.10553408604403
136.30160369527334
131.3060041296682
740.58577772077797
688.36500661054993
181.4685391032956
923.07509296319108
211.85814212440081
839.84012517434587
200.94149831870371
845.58846934123244
905.53742694023219
725.04674349017751
131.30599058892085
751.38173237467981
135.40228778836845
181.91861756943001
657.9374458277133
662.97607228695267
186.95783619547248
693.53240231251868
184.49675703109688
756.03848788797598
204.35744455869468
131.30599069026078
925.23843878750483
930.74342812030136
136.36270632934608
681.98064091326319
152.71948543540282
152.05202885933849
638.89100037893832
721.67555933264907
136.34503782953544
647.4364295412081
140.67728969238769
824.99317675838904
200.29147562698739
910.77960721037721
878.11960509823962
852.11069633770819
135.97782622349277
152.4489939760717
647.88640615609756
732.99327324157275
137.40477460764708
719.8724918258348
156.26973649092668
759.75599978925072
135.73963534615746
531.24359257695642
140.41120329590734
825.57750770833684
200.85075831373706
901.11371223665185
877.62986521204277
856.34395726093317
136.56601132855749
121.54922683158632
744.9392831227799
675.88885592772033
156.23673247624365
770.17502870079852
136.34747682231591
131.32789526772243
743.09076796963643
693.17524825018393
184.31386889141402
921.85009710905797
211.42491651267213
839.66066462429569
200.89233437519846
839.0455110048714
905.32140993942699
724.21153229218442
131.32697020987644
750.58786131151976
135.27971727372545
178.80341370653807
650.44550969146087
655.62476040008028
183.98338948900039
692.5022470425173
184.31669777762545
753.05317712265094
203.548783948958
131.3269866306529
911.29121113533802
916.75994060430241
136.34123739468427
639.70897783164662
154.11400560043154
121.54744149831775
932.35524399275732
947.68936435109447
135.65255923073354
626.77642404464029
188.19715384356593
1199.6339930242439
168.73634272972211
975.25150785483038
1165.7990121320902
840.56937142302968
135.11048847516582
152.74177854643628
618.98724823678003
655.54966453906377
189.14310419401798
767.89704692777502
121.54716368688625
802.10359403454561
204.29769343462505
525.66214537082931
140.32853943013228
838.72394153202561
201.33392108007101
930.25874216796763
902.02154998939193
1007.6323351823447
190.84766743313662
121.54781095946204
896.25786304612348
896.25786304612348
121.54781095946204
758.88561900738546
135.08757944419401
174.4211686180503
639.65630306409332
644.89922940373435
179.66540983796494
976.02895680887639
141.42402873481402
826.87522661555215
201.00588673344018
936.85854669530147
879.70648556432161
689.54826110191618
178.03876728448225
771.4642993440383
136.43405824278821
183.28105474558768
694.76758912582511
751.22064328803833
136.4346951734733
688.58765685304411
182.83316376564159
823.68533776107211
136.37376564754234
177.8751793955561
687.29103996392939
748.56319116739519
136.26724029135093
703.17794726160594
121.54717405587078
121.55101543160205
784.15986633934813
744.13966695392037
191.31739282478941
622.91518118251861
140.68205725636702
829.37255507047837
201.56893201096329
912.46000235189638
882.59744142276122
875.01917906053245
137.64880797789328
121.55107855400908
793.1434707461334
754.46574642608095
194.33848534508411
743.95751207852913
121.54717096531985
780.41755180211464
137.41999549201657
511.76108598571261
189.23074649191057
818.92165105237439
196.65833423745499
960.3244659067434
878.89100867968034
905.65684060625131
209.00290249945533
121.547442434948
917.72904165522493
917.73327552091314
121.54837448096843
755.99161120848544
136.16319127581463
177.1128416075488
679.18353084592047
737.44157215047562
133.74978405929491
923.05528634946597
211.85110209696694
1760.0326589851254
137.8248586577873
843.71190606883727
1758.0293607733211
692.40888880222951
178.07579342544079
765.0730700071216
205.78830469452754
133.74977952702434
942.64494821284859
945.66108582945753
136.52062887449969
731.72694015971467
133.74977944591097
795.97037072611158
135.28542643722048
174.75338849541913
646.61270365995836
658.92581661914869
186.86972650467487
695.42537090386236
121.54837402714564
121.54923653932089
768.6886627579097
729.33722884211886
190.40169199118992
616.41758925930367
195.48213737212777
950.23727860473991
204.3809938241306
1021.2957191103256
1005.8267000076403
927.48428832848515
170.37202792181924
121.54837849826387
836.46795393720151
798.54008180021845
193.86545890849618
749.33707684327715
121.54718308464312
762.89916612213108
137.13794597159475
548.12432655159569
185.37846101863119
985.60439406486421
206.05920403751773
1025.5575491773452
1038.7126429139807
882.17197553524261
134.52678528746037
150.85167765419942
599.98947715305167
599.98947715305167
150.85167765419942
778.8405745478874
135.02151374940809
171.74694065110879
634.53685291039778
639.88536218989486
177.05566369716848
976.02327273024628
141.42338570932284
826.85011053719791
201.00467488035628
936.81706316041618
879.66446623397644
683.50577281457788
175.05333103638114
771.47678521427247
136.43633152497651
183.42592314914597
694.98859017215966
751.22503759915492
136.35020577672682
688.94696947235809
182.98846844613232
823.36740617368866
136.30549429189341
174.92335410273179
681.87695171633663
745.68653528465632
136.27333919641634
681.98046513868599
152.71947399886926
152.05166514685376
638.8856424361478
721.66955152995956
136.34503289433607
625.28809610858582
140.62934014237351
824.79685597233606
200.27359970146986
908.97692316252699
877.78699934036308
851.89375468527112
135.9773678105899
152.44785249838
647.86951369690416
732.9743277946726
137.40475915662594
719.87191272603707
156.26969789163641
759.68709659315664
135.73948990065227
532.65503518968217
140.39218793275143
824.57609346487595
200.77347373852922
899.64397105727721
875.88984392529369
841.6876261741354
134.29268241585817
150.57522906489757
588.46871801912278
588.46871801912278
150.57522906489757
770.08163421817812
136.35451580896935
131.32899067126542
743.39596225064088
693.71763469947234
184.45232449202933
921.82661293526496
211.41661909764781
838.82118866325629
200.52938943296968
838.92031528170173
904.74972186576792
724.85673027514656
131.32808170743652
745.00838062527009
135.38320702807434
181.86381941533622
657.24469033342677
662.20261493862415
186.97298325030692
693.21678441046538
184.46372605638311
753.02158061242812
203.5447839676365
131.32809808326317
911.2510156003965
916.73065764947307
136.35244044900233
633.83944998114521
153.86044934260383
154.67139729530885
645.02876860438835
724.90248334454247
135.51699820603022
647.33340385429699
140.67944316722921
825.16235063683757
200.34548166214842
910.91326667580404
878.29335516110757
853.19514395704107
136.04182797891767
155.26956460343123
653.28223119118809
735.25783787747559
136.67102263058888
676.59135982216117
156.9588838114424
760.72282411568858
135.81903751430787
533.25438278362208
140.4212369923433
825.65864580639447
200.86925337569653
901.49082173716204
877.72014130631885
856.39158169748055
136.5661131549833
121.54922683159366
744.94350567042397
675.89264532326331
156.23700318118125
769.00067619159881
134.9977120878838
171.65867829919546
633.74493676980296
638.60687570586038
176.66270963410605
976.02681983264756
141.42377764285516
826.83297802697393
200.9856751111177
936.84702510330681
879.6801479691195
689.66198652305184
178.1234259654743
771.07717642218836
136.35734285898928
180.0430153952498
688.71769796681747
748.03293518726946
136.43566259816592
682.00547042103483
179.59930279730469
823.68600898514285
136.37412730990681
177.95805394734012
687.38474014635585
748.48322622607986
136.17544594315112
639.70861785367197
154.11397962398991
121.54744149833495
932.34625964580516
947.68036941022706
135.6525495274561
601.69083845863952
187.90472744931233
1199.3356305312789
168.72843512983076
972.70627934984282
1165.3956704938
840.30093427181737
135.10996585184347
152.74037628803936
618.96788056807986
655.53020022114015
189.14161326550254
767.89543146824667
121.54716368688709
802.01205727334036
204.29237491297894
511.80508352075765
189.23153429818103
818.93144243412519
196.66220921392829
960.3316961322779
878.89685017998374
905.6580594542703
209.00297825234415
121.54744243492797
917.72917276410362
917.7334066304619
121.54837448096849
756.07069266914209
136.17493136330924
177.45455045874021
680.06360164920659
737.85724685664047
133.7505913051244
923.11809332734867
211.8733379493454
1760.6782057525586
137.82607520567512
844.22260457852781
1758.851094583521
693.41965267201863
178.42622868244837
765.12166299546413
205.79459626538841
133.75058643846356
942.70515306966297
945.73741271322353
136.5362241663527
731.86590294601797
133.75058635746083
803.36915961200521
135.31777362797391
175.1554482716584
648.26908888541652
660.08688774584539
186.96477462972686
695.4253717658471
121.54837402714564
121.54923653932119
768.68867472161116
729.33723962132456
190.40169282090432
616.44643706487579
195.48526745520525
950.23735186587373
204.38100786876205
1021.3000604363164
1005.8268190285668
927.4845901493768
170.37202969500365
121.54837849826389
836.46797878435086
798.54010439010824
193.86546037033517
749.33707881100611
121.54718308464314
762.89930712771161
137.13794626341473
510.85273325219151
189.11449211257303
819.13412018512554
196.60764226032259
960.45091058843116
879.08936108477531
905.98699461794945
208.98820367941858
121.5483744639494
916.36572666461063
916.36151238630146
121.54744826749503
755.88428237950666
136.10139684106576
174.39136374544671
674.38785391140618
734.61987495446908
133.59323138717517
923.11243476006314
211.87130669225024
1760.6140937275716
137.82262021246586
844.18019189395159
1758.7780174194063
686.95387838667614
175.28957983658992
764.90530863948879
205.70846547693694
133.59322423975266
941.05378545242013
944.15710528896568
136.44373148188416
730.37789129485168
133.59322412826367
802.71353070742975
135.19997257560055
172.18575096851191
641.12507904100642
652.94237002890543
183.96038379869742
708.10736308543778
121.54718488685245
121.54837843128311
832.18139102788496
793.07851242746312
190.56431458051142
602.78292513322413
189.60021222319986
1412.2810183155193
185.48432427260929
866.03650596118086
1396.3300289260517
935.61877140270815
137.55858441033973
121.54923338271044
785.93031279713102
747.11624389238989
193.87970681061165
736.02265150730409
121.54837404762854
872.38505538920947
170.21257366542372
518.95991021882071
180.78505262713063
832.53738510830863
197.23443779718249
813.0972226936974
902.17073037346415
788.54137578218069
203.96377527656261
121.54837410496469
862.97705874942812
862.97705874942812
121.54837410496469
753.98024550552077
134.97353198130816
171.56287226227039
632.7096301441087
638.1333998109543
176.92193524285895
976.02317050415797
141.42336709274511
826.84953492258239
201.00461205844078
936.81584938271806
879.66329816974678
683.35224375906944
174.9900842836237
771.47645351710241
136.4362978727581
183.4258979292469
694.98770705417132
751.22161172467622
136.34787267633189
688.92130731132204
182.98662431105109
823.35501290349441
136.30371912890365
174.86304552637412
681.74229479966561
745.62391349193217
136.27263100089525
709.27234134224909
121.54837402815511
121.54841204859319
730.45791830617725
695.64759120321946
189.04995831626923
625.32480439263759
140.66124714085936
827.00728494302734
200.93598673812926
910.90995257979421
880.17386184045461
863.92312955570571
136.54681278578701
121.54841255879678
740.99007653861531
707.44803175530274
192.08810434438351
750.28286372490481
121.54837404864887
769.8163199978037
136.29179789141278
518.94105326936619
180.79277510180825
842.85091763910771
201.70039347972005
813.27402027320784
909.20719197573692
788.75434924338754
203.98034171570501
121.54837410497532
862.998318088519
862.998318088519
121.54837410497532
762.54785513785328
136.32793156692497
131.39023208513902
741.79233474176976
692.44683733860586
184.60714428785849
923.07860721677332
211.85938399016297
839.85615191043325
200.94596509584667
845.6117792057255
905.5556981798768
731.51781746380072
131.39021928752479
751.45861145549418
135.41587329273835
182.158803136118
658.64442897454364
663.8456088124849
187.36008555116337
695.18063400891322
184.80520140565559
756.31073151160274
204.47850906232372
131.39021938594894
927.24653991238529
932.70227647765694
136.40170827581059
709.27290307134365
121.54837402815538
121.54841204895837
730.4660483852449
695.65491606939815
189.05051892659654
651.03880881121893
140.72441893395691
827.26609773945529
200.9596124065979
913.28480838595465
880.61231914265511
864.21266106921121
136.54743290320104
121.54841255995692
741.01569285817504
707.47111805871634
192.08987789464396
750.28475716220123
121.54837404864982
769.90822784399541
136.29199469880911
530.91961890880611
140.41527030251208
826.46956792878382
201.26012463642041
901.30103420508499
878.15517613466091
856.40290950507972
136.56613744484392
121.54922683066789
744.94451371407627
675.89355006099493
156.23706766267134
776.70906766863925
136.34594763117653
131.38949553746011
742.52287994319704
692.63797131604917
184.34498605210788
923.06926405389288
211.85605259960371
830.39572378817923
196.84914058379334
845.55723891475554
899.10263815160977
730.786421348673
131.38948258911716
749.82289855780755
135.28712744873988
178.84766397490662
650.71978807493042
656.33592869754591
184.31705459691258
688.16666979323816
181.3744259110552
756.13446367604843
204.46294657804302
131.38948268787814
927.20326013450381
932.55259225366251
136.3031590973998
639.70898067491157
154.11400585513411
121.54744149832355
932.35531909525855
947.6894395313052
135.65255931378695
627.0239721884659
188.19787322998388
1199.6315527862992
168.73635464677534
975.27098928653697
1165.7977566146189
840.57124753549192
135.11049170860528
152.74178790247672
618.98736280858475
655.54978008334524
189.14311339715445
767.89705675744892
121.54716368688774
802.10408438095214
204.29772724208729
549.75890610761644
185.45258564539779
985.60299813409404
206.05850178349868
1025.7359285842838
1038.7203408846983
882.18867947334468
134.52681808773056
150.85176466182162
599.99069930980954
599.99069930980954
150.85176466182162
778.79672851712235
135.01921251811234
171.60374323946115
634.44118016778941
639.67195165968587
176.83432034372854
975.86199203193348
141.40278678057632
825.37931457225125
200.54664688181984
935.58590335621284
878.12697714581157
689.47696995012086
178.0160349885015
764.85007243384973
136.41236388422396
183.19099268547743
693.93264355123392
750.32339532632216
136.43327637880628
688.48638699241644
182.79627061966025
816.50637524393221
136.35069766801749
177.79432244982198
686.41772149981512
747.60860444559341
136.26534890817021
681.98041209915891
152.71947053912481
152.0515608504266
638.88413232034566
721.6678588269956
136.34503135451428
622.29208814420747
140.61588596740867
824.74247543925776
200.26860858700562
908.47215782734156
877.69443706219852
851.83223498175664
135.97723834271812
152.4475253360539
647.86474790188822
732.96898394603045
137.40475447761571
719.87173840474304
156.26968622632901
759.6675639966619
135.73944885797908
518.22387116013385
180.32358852702211
1764.2123742747456
137.87651067057294
803.70072401132336
1763.2365089608488
839.89515966065153
134.34851328699881
150.6096368461024
591.63664802134326
591.53791709554582
150.59392390041353
765.13207156574572
204.28554018445391
131.36986744196906
908.6877667973846
911.42408371164936
133.87445911529204
963.0804745700475
141.36432702922019
825.43356936412601
200.59230099135158
934.224102207991
878.09331717472651
759.15477609110576
131.36985365993402
765.83502686516363
136.59513125686115
133.87446558943466
755.34304203373108
709.07810754459092
192.19957774641981
761.12732165045065
133.87445894894299
817.83337298704896
136.61341930763791
131.37079864514112
754.13806283509223
710.26433301746249
192.11319763108523
626.95873196949276
151.51525920611971
151.62064570823853
715.09429620068772
795.55483625312775
135.4239265690704
615.81617045949508
192.57263369178077
1238.6128978168456
188.93033014608957
911.52470151095531
1247.1287469601284
898.94937756877368
135.97171727799264
153.69534410373868
645.99955064226242
730.60815250056373
137.42113989037802
719.26845592573829
156.59333818559196
836.95215435380794
163.99413948858395
520.58825591381094
180.92033708364383
842.85191588206339
201.70057891947036
813.42746678007995
909.20860319329404
788.77050228594453
203.98159495250911
121.54837410497596
862.99990683557621
862.99990683557621
121.54837410497612
762.54957439397015
136.32756814496761
131.38224890414992
741.76934430983522
692.43328567762774
184.60607778500645
923.07854057961106
211.85936038362038
839.85598117927998
200.94594075817548
845.61133118689247
905.55543465177891
731.47322540923062
131.3822360861891
751.45833695941269
135.41582760043886
182.1585897850081
658.64264554148735
663.84185581143561
187.3579028176099
695.17673970098292
184.80483506767749
756.30528506971757
204.47607222926982
131.38223618461507
927.19947338076304
932.66378904686917
136.40160560265957
709.27290303669645
121.54837402815538
121.54841204895834
730.46604788432171
695.65491561808642
189.05051889204782
651.03722447707912
140.72441504365585
827.26608184396343
200.95961095343682
913.28466217986374
880.6122921872842
864.2126432207076
136.54743286498521
121.54841255995684
741.01569127970379
707.4711166361418
192.08987778533904
750.28475704543951
121.54837404864982
769.90822217854839
136.29199468668156
518.80428021019759
180.68742804684209
1764.5150517254801
137.93465098250127
809.75743764603897
1763.4841629038267
840.24599066969949
134.36638059626378
150.66927410099095
591.99340365592764
592.09281281982237
150.68499605521353
768.27575962066521
205.21933997217153
131.4337606052373
925.05197367333494
927.80359713282928
133.96089579689109
976.05289982141403
141.42708251915758
827.0522448014932
201.04998604017814
937.04693859642509
879.92239447483712
767.00622318668468
131.43376052876533
772.19639840371099
136.5614886711914
133.96090047070092
753.95072547078632
705.3695156121147
189.56544053248146
768.20476079858702
133.96089574785961
825.10276854332324
136.62240809820469
131.43377379751055
753.99394478120621
710.50625757275304
192.53564169397765
680.71015509107917
153.02398418703334
152.87953714821293
633.45146168450822
715.32219680727576
136.35856136234244
625.06591588618733
194.57607854496982
974.57223789297541
204.41471098447644
1015.7665689256106
1031.4714308641303
947.64298463262492
165.0748821388724
152.22459466134276
726.55005882087482
809.27975003885228
136.56429908228048
668.93584086362114
154.39453582786766
756.42084979985179
135.63215198397552
519.00820277133596
180.79783091643915
842.85089288519828
201.70037400391374
813.27752216752606
909.2071995790219
788.75483629828375
203.98037497587873
121.54837410497517
862.99833677623531
862.99833677623531
121.54837410497517
762.54742377218588
136.32785307275651
131.38854382186196
741.78740533244354
692.44391074487783
184.60691416901409
923.07859312608389
211.85937899935237
839.85611584607602
200.94595994875689
845.61168447743421
905.5556425180423
731.50838080757126
131.38853102001374
751.45855333171767
135.41586361925113
182.15875781817806
658.64405128974488
663.84481441366449
187.35962357419177
695.17981039784888
184.80512376728117
756.30958076502725
204.47799401078717
131.3885311184377
927.23659162710192
932.69414248616636
136.40168656470456
709.27290306394468
121.54837402815538
121.54841204895837
730.46604827830868
695.65491597305277
189.05051891921948
651.03847075251736
140.72441810407435
827.26609435019975
200.95961209662329
913.28477720193666
880.61231339428252
864.21265725722719
136.54743289504191
121.5484125599569
741.01569252121715
707.47111775503868
192.08987787130616
750.28475713726175
121.54837404864982
769.90822663400206
136.29199469621972
533.28862052398233
140.41626920412284
826.14806391308139
201.23703236834038
901.06963312691255
877.59112265561282
849.63103955700046
134.31529263251937
150.63593779643031
589.306313592371
589.306313592371
150.63593779643031
776.71314377629415
136.35761381154734
131.39126627838314
743.01925186207995
693.5482772519772
184.68867474128444
923.07861702593334
211.85938746547504
839.85620998201955
200.94598367355712
845.6118437741593
905.55575726567133
731.52379618661212
131.39125342368158
751.45894604760713
135.41593265553428
182.16079921833455
658.64846473343323
663.84808634397848
187.36052347794151
695.18559415740299
184.80726457506535
756.31145313699255
204.47883172857874
131.3912535221061
927.25274327605678
932.70744582693271
136.40179259022179
633.86211182535635
153.86209175719301
154.72792409569863
645.80871334691153
725.77260966064375
135.5176099714796
651.06345264693891
140.71765513426172
826.78436364620256
200.81347312284686
912.87416965262946
880.09846686244941
861.32465470396949
136.0671854548419
155.3376472314624
654.22161529463165
736.30589952285266
136.67181995564394
676.62089559154185
156.96102440840025
767.32677892021218
135.84009108244032
531.17675931545989
140.40319084382469
825.92421890853211
201.18459026736406
900.50698195419636
877.30638126898441
849.98066043581389
135.68960743633787
121.54841084389295
705.58733839856802
640.23325354348219
154.32397872954991
775.87854641864283
136.21592616428759
177.56834086259985
681.56082638554733
739.32369251598743
133.54667436076548
923.11600182504208
211.8726302299292
1760.6598594809984
137.82231554153756
844.21149897869395
1758.8366739431265
693.29943424313592
178.41909034007037
764.88431822509165
205.69718929532402
133.54666748926502
940.81586450002408
944.06669718400428
136.53279258317698
730.71574952597837
133.54666738361391
803.36184484504588
135.31671432262786
175.15488413134534
648.23355245201333
659.9915374331398
186.91310122708074
634.14730382144887
153.88276097906299
121.54837411524285
883.54520172410571
898.76113210918902
135.52530729665341
599.1446893025078
186.87225382569952
1763.4774099081496
137.66911864488657
816.64133287438131
1762.8138223377821
844.23991129354056
135.00450268962663
152.48648668486351
614.83803274959905
648.09668842566452
185.74579856129787
711.92041361231691
121.5483740294784
756.67228083260648
202.74887162392366
525.66214339220164
140.32853909599024
838.72387819253584
201.33389232654568
930.25872741840817
902.02151108547014
1007.6323295413074
190.84766729517369
121.54781095946204
896.25786260560653
896.25786260560653
121.54781095946205
758.88505573946895
135.08748001538981
174.41757143167172
639.64928727211282
644.89543649097061
179.66502481592352
975.90127413218784
141.40778448084492
826.27092716453967
200.95862067894177
935.80934998139571
878.6583968684613
689.5398691627546
178.03507043196831
771.39888729192035
136.43391478551132
183.2805517384775
694.76215712758244
751.21458217355746
136.43455848648142
688.56366242347394
182.83131541737595
816.56837975084488
136.35134190344047
177.81164428084119
686.45700200038561
747.63645156744781
136.26659571770307
703.17794721461928
121.54717405587078
121.55101543160205
784.15986566651691
744.1396663467508
191.31739277986333
622.91312173047697
140.68205222834428
829.37253458436783
201.5689301330915
912.45981343331016
882.59740665043694
875.01915581143624
137.64880792713461
121.55107855400908
793.14346863241894
754.46574451829542
194.33848520298389
743.95751192053899
121.54717096531984
780.4175444158808
137.41999547586957
511.67515034187295
189.22960865830842
818.92152562817785
196.65830934942844
960.31477213265134
878.89081580723621
905.65598510372809
209.00285130932167
121.54744243493701
917.72895752527882
917.73319139058731
121.54837448096841
755.99136726690267
136.16319075822804
177.11284012721904
679.18351148569354
737.44155066316648
133.74978405051775
923.05528634928476
211.85110209690399
1760.0326589833876
137.82485865767379
843.7119060675642
1758.0293607713816
692.40888856907225
178.07579332220973
765.07307000010508
205.78830469139862
133.74977951824752
942.64494815385217
945.66108577587943
136.52062887069934
731.72694010004432
133.74977943713395
795.97037070964848
135.28542643446849
174.75338839503502
646.61270346551953
658.92581651468345
186.86972649442879
695.42537090385565
121.54837402714564
121.54923653932089
768.68866275781477
729.33722884203314
190.40169199118327
616.41758893236909
195.48213734898556
950.23727860384838
204.38099382401083
1021.2957190699788
1005.8267000063375
927.48428832575769
170.37202792179914
121.54837849826387
836.46795393695572
798.54008179999425
193.86545890848237
749.33707684325918
121.54718308464314
762.89916612103798
137.13794597159244
525.66127135309682
140.32819308741725
838.66254688233778
201.30503962317809
930.24382346711729
901.98184516419019
1007.6265085802003
190.84753179195826
121.54781095945341
896.25743702000352
896.25743702000352
121.54781095945341
758.33479522714731
134.97909921171978
171.60908023117418
632.99961618993768
638.35773129968754
176.9288029781022
976.02326352039108
141.42338463450125
826.85015797931067
201.00471676570567
936.81698233670897
879.66442539718264
683.49380416814631
175.04802030723479
771.47771206294863
136.43648707911504
183.43197582548416
694.99943899705158
751.23112016420203
136.35001836272616
688.95889465116238
182.99460332034434
823.36654118116883
136.30533818870157
174.91811383081108
681.86614521017941
745.68026910977767
136.27352533243507
703.17806369900313
121.54717405587068
121.55101543159419
784.16152545799457
744.14116409286964
191.31750380360353
625.45382941967091
140.6943981747506
829.42249735806649
201.57353100009419
912.92305680343577
882.68241585402848
875.07673354770748
137.64893333079957
121.55107855399083
793.14868618150933
754.47045360834966
194.33883652573959
743.95790394046435
121.54717096531988
780.43582842616979
137.42003534544199
513.69465831320758
189.25839847474788
818.92499915562871
196.65883783376722
960.54683884817734
878.89597986651609
905.67691420159895
209.00408747481387
121.54744243494406
917.73099019386666
917.73522406834684
121.54837448096909
755.99718359423218
136.16320194758617
177.11283785355377
679.18389677576465
737.44201291491197
133.74978420086566
923.05528631425
211.85110208417211
1760.0326585810619
137.824858655014
843.71190577711479
1758.029360267496
692.40881183373563
178.0757576202235
765.07306985399237
205.78830462757242
133.74977966857807
942.64494746677428
945.66108356872155
136.52062762398845
731.72693826920249
133.74977958746453
795.97036538066402
135.28542552151274
174.75335370022489
646.61263952896059
658.92578173345726
186.8697239343324
695.42537090398184
121.54837402714564
121.54923653932089
768.68866275947664
729.33722884353176
190.4016919912977
616.41759450506925
195.48213776863199
950.2372786186852
204.38099382609226
1021.2957197727306
1005.8267000283605
927.48428837326435
170.3720279221366
121.54837849826387
836.4679539411153
798.5400818037914
193.86545890871733
749.33707684358046
121.54718308464312
762.89916614008098
137.13794597163269
531.57402678851929
140.4479527056248
826.87508303806385
200.91550313940192
903.49784674697787
879.98545123938857
873.25419149673007
137.07407762952744
121.55082667125086
773.08751503974418
702.47127894399944
156.40246567671142
769.5077144797898
136.204888316661
177.57882770926375
681.32466526812789
738.98323392869486
133.46985406871764
921.90298751210958
211.44341223264547
1760.3516280710035
137.77364559060348
837.7711134021564
1758.5596534153651
685.78410639138679
175.26485437490652
762.35852412332349
204.98888519893447
133.46971494210194
928.63182736938143
931.83619449427738
136.40772834326773
723.0927068323906
133.46971108537383
802.33439903869305
135.19349410284411
172.26524425876931
641.00992987115831
652.24279367407394
183.5794466472986
687.3821230457238
153.01409956168499
121.54990866556172
951.0570674269469
967.04386213086264
136.45368023555409
627.35206853018508
190.61599345315477
1006.1886913814418
210.76460430110961
1040.7895351512416
1052.8349500438235
886.25660029863514
135.20155703140685
152.75848669934729
624.30442401025186
657.93244698914839
186.63234815879778
720.45594505846577
121.54717286513832
849.44215318875536
192.28584795347098
926.24177175851526
141.39599938979509
830.5858607456413
201.60182492237621
938.30910293891134
885.23552743336063
862.4203067719576
135.72410333721677
121.54841091290386
707.01202520148706
641.51118168375638
154.41659660966442
777.37027108554844
136.21587057985238
177.4679114082617
681.45836015283487
739.32133399279587
133.54655267176446
923.11587057393353
211.87258372813312
1760.6585184542857
137.82229661754835
844.21045692271514
1758.8350077247489
693.05060893069356
178.30805558483451
764.88319519648917
205.69671663608958
133.54654580039031
940.80838127291258
944.05498497814449
136.52878626281813
730.70428216370851
133.54654569473732
803.34430005544846
135.31377175802933
175.04670451590994
648.02411062491069
659.88190428689677
186.90454966105349
634.1473036983457
153.88276097014099
121.54837411524285
883.54519865808663
898.76112903955209
135.5253072933304
599.14015702111442
186.87190289525438
1763.4774035915489
137.66911782189948
816.64091047273382
1762.8138163006486
844.23988583158211
135.004502640021
152.48648655167628
614.83803091192544
648.09668657944019
185.74579841955205
711.92041346325948
121.5483740294784
756.67225016509133
202.74886923832372
446.42098678119419
100.33965888680517
989.49429383321251
61.703524985070629
62.416913205510042
990.21892383143893
759.42713733752316
114.89634239724262
688.7883747968973
1217.037702533835
1217.225820360022
56.401804396688973
682.39628589348615
111.27653631917046
864.77471348594793
121.25063237232894
1080.6494443260035
62.344079300987737
755.49245823775891
118.68752894042953
61.962072376053165
799.9185334053509
864.25409370822524
63.235122223754296
895.79516797946019
901.63774526704549
856.8411379016527
122.75770116954043
751.08683771741948
56.134409742512155
709.66270536919558
112.14780089387787
702.6351173260781
1425.256203111463
1430.4637639357763
61.322870533110716
640.29906943514356
106.69028499897426
664.84566698455103
108.78099821386883
749.55559917206153
956.05135592872034
781.95205987226961
56.133621808226351
658.82586445873699
84.615896030056234
984.01531521980439
61.54660750118984
63.477748581868241
985.57173992802734
875.47189086687683
116.71634410928634
824.75604462424076
919.40054620028127
866.34249383138285
121.90064057666611
795.27819512962424
56.13446164891517
906.53592943402896
122.89004751122887
740.93808349552887
918.34493076862657
446.69099747938355
100.37872430552127
990.43459242278402
61.673277604929169
62.50323985908156
991.27645812505057
771.12537982396589
116.9693509638622
763.16585432000227
853.76284712771565
790.85273250450996
102.27000999894861
677.55360686396057
109.53485470466602
877.30477780646163
121.82700523499261
1079.4545159582747
62.285944681798668
746.49684400631747
115.65206644366313
61.921242367742352
792.96874957158718
863.15700456589502
63.234340742311488
895.55498574607736
903.50544338334623
860.06649450660348
123.95376052367338
796.8664757081774
59.508869082035282
703.50034687230357
110.16398882520855
736.18734180319404
1454.6083191973987
1456.4525947173524
61.331035605038721
640.88798377813828
106.48136632071771
689.32415023115072
110.62925339024908
716.27039520802521
1424.3347870080702
592.70724876205304
89.371849598777288
639.75435328240428
93.091275941511498
1016.6368461518186
61.751085474762831
64.107877857083778
1018.6420473715759
976.0320119204257
100.77181246563896
965.51965334061845
962.68203387002575
945.87469790533157
122.15373227809151
845.40778133353422
56.133655777085366
1429.2360667014834
61.019437388209333
777.03767627457114
935.63605684371305
549.29382544163002
62.045253515106253
764.09278487377469
61.566360791780724
117.48291094056276
723.71652946629411
900.21628372538248
62.65445273684314
810.52866515248331
770.61354521395856
727.05621045118971
98.313509299894861
666.68509702699123
109.84133320432493
1447.8299931109434
60.33779545981055
883.35407399938549
131.03255903305504
1039.5677073809632
61.693492577743925
62.159849533267966
1040.0414156111785
682.48860120481834
112.39798010118227
793.46276789603246
958.63368798844942
901.67225011865003
126.54047872132581
792.34535084036418
59.511114128484238
733.53835367542138
115.61897868579103
789.40420493996271
952.97741219668512
897.03277039151226
126.05687724781164
785.26164977468125
60.351225122775396
680.82637535269384
112.12281176791775
782.01199114068572
2419.5432148505497
619.34019456727583
91.359787523925419
540.51402874121311
108.03821441146401
1002.1396132905611
61.679919263090724
62.517186713877052
1002.990078775092
772.93107920006116
118.35887125546429
794.53642283006786
2424.3984125049446
2430.1374469519947
61.649480804463025
659.45996809188534
93.949762304933159
2424.9104025418133
61.283623038675728
726.26718841636841
1446.979859238638
549.20172959690876
62.030336077053725
721.31128451062193
116.6086233974317
62.323868051252177
763.07742779325167
749.55848489901655
114.23878673487114
687.82445779169245
1217.0376699513613
1217.225791971124
56.401804390512737
869.65974261777103
63.112470800653433
836.05635458079632
119.75132646893466
883.37779031047182
131.03756330155852
1039.7218414292463
61.698588066221838
62.170072294425346
1040.2007763523629
683.18955498980017
112.58948257728517
800.3413528047804
2497.3291734824465
2498.0186981112183
61.702785593169779
677.33455015393542
106.36279263766065
734.96107129187692
115.99446692461592
802.27970556160278
2482.3044011096949
2484.0034626391016
61.689273122933777
678.73671575553431
109.54180650754903
664.88173315641961
108.78325907177479
749.55938450927169
956.05137248301321
781.95220280199317
56.13362180841461
673.8458921428587
84.66963633701468
985.50670921653023
61.546938464227303
63.478670592572783
987.06363904451871
875.56829216266851
116.72134532707905
824.76629902057005
919.40058316000568
866.34253587787953
121.90065081286647
795.27852272707844
56.134461649354762
906.53594829403744
122.8900519935935
878.51318380678117
879.67358120455981
547.06191974998774
62.028958492661403
721.15919337665787
116.59667854798266
62.323943481586298
762.91414013670703
749.57844888505394
114.186176596186
686.44585194318154
2286.5072859693
2286.5090942359639
56.136689740589532
869.58238705069471
63.107600851654936
836.26471431419827
119.41758246627057
883.37964395681604
131.03793414123342
1039.735876417288
61.701268797460571
62.170079855784067
1040.2120832209598
683.56824689048176
112.68235832603601
803.48556901410541
2496.7238459917257
2497.4354704931693
61.707722963275614
677.87653608967616
106.39589794095204
734.96163979725281
115.99357772531694
802.25477863937363
2482.242474311241
2483.9394914468562
61.686065546523771
678.46898917607371
109.22871541026153
767.31153926368313
110.59602643779041
810.59129596907565
913.05595273877509
739.27268454319983
56.134386159605576
670.02904346569585
62.812885303146487
841.48553302349421
80.563517422820794
62.873682009568512
856.53316316121459
808.58517614978962
119.97904627018171
766.21105647337299
957.56394576074956
908.46397750051858
125.17881251205266
836.82498655385768
56.133623914479777
859.12219477732879
120.15643176723906
877.97736752367985
879.70936847387327
548.67501992109533
62.045934356475577
764.22394625097274
61.616423559149169
117.48853769509311
723.7921199701218
900.24795305607165
62.65447415209826
810.53103697727806
770.614164898627
727.05668065875011
98.313539688953284
673.72219774226494
111.70530271708358
2467.8715796721049
60.577947954709728
1080.6387241941459
62.343557886958749
799.42329906710222
61.528780599668615
118.42185606961935
755.17577038026673
662.73030372895425
109.95879375000332
743.42381809339884
1464.1546175746266
1464.9685442407224
61.367487135082541
642.59972260191432
104.06910082977817
853.63551552728813
63.13201571194994
881.1973138046875
889.68967485572989
849.26111696088299
123.12065405171548
791.78509092038644
60.576710354425416
680.91510371613822
112.12876039795121
782.02152013091461
2419.5432811957317
619.34073696549876
91.359822539019916
565.31029575042646
109.70940495249587
1005.1956517946327
61.68073052273855
62.519733653934765
1006.0478803195253
773.21060786554449
118.37761192569651
794.56645079776808
2424.3986359940095
2430.1376872296773
61.649497477918025
659.46179649404621
93.949880339383029
2424.9104738640367
61.28362798488098
787.79519123204511
2467.2828192283873
542.45893156756676
61.500929055011994
662.88732460213805
112.49334963077217
111.5685721593813
670.39721650408387
989.87903389691303
63.29360716418708
875.09184818939934
811.46869816345804
766.00217069912833
98.846883339425119
857.90719636063238
63.08082656789793
823.44838805145434
115.77597782190107
883.37887207443907
131.0377635974412
1039.7308208267591
61.701175711746728
62.169705376567663
1040.2067367557497
683.55713745579612
112.6782437863363
803.37482753489405
2496.4146397959821
2497.1422554148412
61.707091924881546
677.7944264001934
106.37792417893833
734.90965189544136
115.97972217404343
801.80377402839872
2481.4000512790722
2483.0424114637367
61.627657091422783
669.71959546314838
106.41136514777263
835.16052508934195
98.248733282927446
865.41578686357127
1634.7662780839746
619.72114730109763
90.822440582299393
667.34229155994876
62.420909520981937
789.60299799829704
92.381908208539528
63.216142441167811
809.85559434934225
845.34754754609526
123.36867900130035
856.30165375882359
1650.915874330399
1705.5350156164418
61.518283702210141
645.65731146707185
93.003815988143202
1687.5324065980165
61.278057004997557
874.40360261924093
869.63660000223081
525.13588798184469
103.7217512261378
1037.3577621154579
61.815485222216914
62.695404333398528
1038.2384935710695
792.22422287189829
116.54833095359024
695.29406762368046
1292.9045694646293
1292.9569325823545
56.232071448324533
697.06971106595176
113.13341776063325
2466.9747843685127
60.546268266736774
1080.6353274536689
62.343393065435002
799.40315966264029
61.528229780116803
118.41532096047438
755.15245728462708
662.6530928798303
109.9383266780374
742.72475496192567
1463.4416509160058
1464.2306968232779
61.310872725539298
634.07431169961967
101.37422933926835
853.40429238409604
63.114952139037001
878.62429989800114
879.50806746944556
836.25847822144658
119.48095798513941
789.83855732538507
60.545021640203593
668.50359935774361
108.65090045530245
754.78827778486163
956.59576703129107
781.74418992211758
56.133655938533408
559.91880881189786
107.56562855377015
1002.7938970839986
61.595291829144898
62.41690599551201
1003.6287389637647
758.56150426416923
114.4012651348753
766.4710781330316
957.88304175045334
909.00079295044907
124.91561550223601
835.77461896145769
56.133655011024437
907.33996705706465
122.62167723442623
786.47229691519226
2466.3843245844382
446.64256575303057
100.3613063675424
989.81541446691608
61.682464767230918
62.449264212790219
990.59424769237705
763.29722819601
114.80154010885784
807.18406486159063
1602.0065130215435
1649.7317171262036
56.135983982686199
678.90027169627547
109.81747335495758
2463.481976144521
60.514673296404617
1079.4460031062488
62.285549655640288
792.52278739969381
61.522082426304138
115.32985557669976
746.15843013194069
661.85860016495815
109.74954058555782
736.67905009900983
1462.1220446968518
1462.9303118269549
61.301484237651167
634.78481318340766
100.05467213198253
850.45310707136514
62.983016939785848
864.34975839007018
875.76383229876524
832.79981814198584
119.98986705949348
788.76207832545379
60.513640458451007
862.61918571052922
63.429811647043955
893.72620255210529
868.62858826737784
750.47180182616637
56.134415739703144
566.04252415644578
97.917442065875605
967.67046385123604
97.956024361254748
62.297276717990187
987.14096344659879
745.36313930834376
114.9664686244716
724.53087453405612
1217.4749744762196
1223.4782969800001
62.0186793592379
677.41368474171998
94.84424698111566
838.72322821600426
120.43205476031849
788.61861370884083
2463.0125573123687
443.10581108531477
98.177048238340078
977.29421858343721
61.589195093617946
106.49306512578183
957.49347654188784
1056.102329660077
80.766420208621668
861.67678671587544
825.79785611665739
783.31353349262577
98.259218391403095
667.44602001372766
108.09093692361935
1447.6091202142766
60.312842101040303
883.35391476828102
131.03252566716932
1039.5664969628708
61.693281716604631
62.159839023526878
1040.0404087994011
682.45917866271009
112.39019642257797
793.18333402312635
958.48991853070197
901.56220687763073
126.53286846934098
792.32347222278304
59.510813693706069
733.53695269298589
115.61865186080425
789.39378284609847
952.94012725798939
896.99099088937453
126.04704570837255
784.92788956119966
60.326157305403655
692.37991713942858
113.17549845503005
849.72309498045706
1642.6249239828894
614.28302280870832
90.701360235542481
536.02744584370953
106.11124558887813
1003.1962925209604
61.764675721750997
62.606514371312464
1004.0515211113997
785.00349726113689
119.3608725073325
860.94485942936615
1646.8409678890537
1701.7211020644279
61.594467367136502
654.2055846435137
93.267248332382337
1697.0780092226014
61.230723151858328
726.21259736940999
1446.783604583278
457.30443983827718
89.880875189502277
958.01904981421671
61.543336968534327
104.1179425709625
937.36716479868949
995.66440317395939
63.298760518000876
875.85043414579866
811.57115102755267
766.08729830056836
98.844711296618627
664.65486646399779
109.39483090336539
880.05622813849436
122.22362116645321
1080.6160919023191
62.342457242115707
755.3181663527954
118.67862109431651
61.924475823632662
799.68819784896903
864.38977405823584
63.247013184156714
897.43126974553343
905.53527249334661
861.61441388381854
124.03263802817224
796.49431592706242
59.461763415379174
703.81791890824172
110.1723591796375
735.87737769417447
1453.6781663358533
1455.5809379972798
61.346699802553736
643.10476723232148
106.88843802023861
672.04171261270187
110.36527526461799
835.60428327575892
1647.4448434632491
605.9276975699097
90.444227106933837
664.72411033350329
64.040305239234186
984.81453386741248
61.587997508609583
84.444316009517138
983.01543972834338
870.13206315151035
113.78272095768969
871.33003578474211
1647.6348453637042
1700.5971287004663
61.645955358245857
660.07562293266642
93.418705933071536
1701.6128616725562
61.156300225688256
778.99547321212412
937.99801590892378
525.19246652061804
103.71146986247884
1037.0985407429218
61.763230301298357
62.69485201552046
1038.0317211257857
792.16335027524781
116.54434312120807
695.28810111867199
1292.9045694142819
1292.9569325411276
56.232071448265046
689.76568462129285
111.20755357542842
1447.861549292129
60.334451584017607
883.34812616013369
131.03165864387691
1039.5351523639551
61.693373501211106
62.157728556382139
1040.0067217033338
682.47150499945462
112.39409460647664
793.31737078433105
958.14617698349878
901.10683239914226
126.42486367895818
788.20020303581293
59.520373106054812
733.21245585118675
115.53028604350791
786.06355744353664
953.28481897059464
897.30857615978198
126.0689933658912
785.25017731310277
60.347873891840365
668.43644848017459
108.64661270984448
754.7811349602589
956.59574035780827
781.7439636870871
56.133655938236643
540.10706846695655
107.97346954507766
1000.4385294422216
61.594675479536313
62.414972113927661
1001.272032371969
758.35007147044143
114.38777003109314
766.4485656364609
957.8829538641312
909.0006930841281
124.91559189072237
835.7738694120336
56.133655010034587
907.33993676271075
122.62167011243135
722.99006662969305
1447.0268483605855
449.44633029283733
101.85330249930392
988.880732193722
61.681533679278608
62.340622109614081
989.55001098566549
748.20867254300651
111.74712177536958
683.72981993669362
1385.3684183937121
1385.3989203664757
56.139443293052757
678.81060953034091
109.82163261740055
2463.9884788322952
60.545059151577156
1079.4231994123145
62.284439348227473
792.3404159300519
61.471601463277828
115.32154167241642
746.03632000330583
654.16734483707512
107.26071047094992
741.78595470438529
1462.8596775053306
1463.6483408347597
61.307170488080189
635.41339610712714
100.09606683615925
850.41371785244644
62.982624369373781
864.31292186774522
875.80023163787553
832.85884740709241
120.00427104312621
789.33048060315571
60.543949555731096
669.54888983298895
108.69711746887808
758.71981467959654
929.63848159676706
743.82528674649927
56.13440003095829
559.810173798287
107.57893979329627
1002.9082093681816
61.603359445273298
62.426331245301768
1003.7441545406263
759.69972219109866
114.44545920481653
769.66161941264011
936.16583288066147
885.12381938639373
125.74106975173169
800.50012115300297
56.134476294030904
877.69733352184664
123.94686973205083
788.95937208501869
2463.4929200853467
450.03646290202937
101.92451545516847
990.3108093555503
61.685209921131076
62.449689206818533
991.08747870919342
763.34370444165177
114.80442100006486
807.1890624624956
1602.0065810529347
1649.7317801299275
56.135983982763847
679.82641749934692
110.58997852666064
1447.0427697714679
60.277406563248313
883.35175197153092
131.03216059481264
1039.5514200476266
61.690609271481868
62.15984318636297
1040.0281112986984
682.06934492610173
112.28109325369103
789.38487302621843
958.45480948673662
901.56133541456336
126.53099974942857
792.38440036789518
59.523604975554626
733.5375081832168
115.61944518680174
789.42470088006269
952.5160758917981
896.47015946262593
125.91591574374303
780.39496267643244
60.289638910333885
862.5058477994769
63.429729100531539
893.71720268470131
868.6262651750626
750.47132530800741
56.13441573906244
540.99709325763081
96.79965600904373
964.63992619983242
97.934194068790063
62.294894796263726
984.09013929200194
745.10233608725889
114.94888018401096
724.50520815864911
1217.4748775542359
1223.478185645401
62.018665351480045
677.41210253867996
94.844145540383238
838.72142792376212
120.43193155000262
721.81797115976178
1446.2620580759703
457.34882881037538
89.882593578995085
958.02750426386547
61.543938526933779
104.11809061460491
937.37488889604685
995.66594806976059
63.298761817730636
875.85056762772263
811.57118876291315
766.08732868372419
98.844712809770058
664.72669541947846
109.41930697581306
880.41622680956243
122.24502908056543
1080.6770747125095
62.345423637929869
755.64482490988382
118.70112542840957
61.989762650158937
800.10599838422229
864.45005262363566
63.247563379800368
897.49600188729198
905.58957177882337
861.66932693232172
124.06792649714509
797.3279637479028
59.528671059720317
713.49826466261209
113.12461214325135
737.53717426024241
1454.9267056175493
1456.7680844993295
61.347905073314791
643.24199735773254
106.89822934654173
672.04185092606576
110.36528259290628
835.6042976157114
1647.4448436870157
605.92769841578217
90.444227160565944
664.76385565970475
64.040352251553344
984.8192918523539
61.587998785806711
84.444335981413801
983.02019028507186
870.13237729985372
113.78273345345818
871.33006413604096
1647.6348482992391
1700.5971315083989
61.645955375931372
660.07562487232565
93.418706052757642
1701.6128618955875
61.156300233391605
779.64567190899288
938.44635867914815
456.02601971772822
90.08711241867131
958.82032143753315
61.543197860871231
104.09584084033639
938.28681981049431
995.70732011545795
63.271531554169421
874.02125085866135
810.62200509298043
765.16554136880279
98.842835068059856
664.53170415771683
109.32193004189763
880.20325406037819
121.88246493658751
1080.6715903484489
62.345160711363405
755.61240471766303
118.6943837046591
61.985142482174204
800.07001253208568
864.26711249245966
63.233917823743461
895.74456979802812
903.94393129432001
860.15105465192823
123.88947767242276
792.79381974049272
59.520773202840132
712.8343584634755
112.95860212083771
731.75497204273313
1454.7311815731944
1456.5659479001895
61.336121495180457
641.85227485454266
106.51315484582537
835.07732147908632
98.247148049336474
865.40837897632173
1634.7654193854396
619.72069859815099
90.822412002749488
655.759101553552
62.413382363528449
788.74663860989028
92.358059394310288
63.215260987087966
808.96160907854926
845.27161273442823
123.36369755969069
856.2934508633947
1650.9157221992559
1705.5348658391331
61.518279125910105
645.65680923011746
93.003783595709706
1687.531605050624
61.278052917646598
776.03858279102803
938.25088958116885
547.15966327129195
62.043454965132703
763.86657801158742
61.553576308325468
117.46366526255956
723.51316434067598
899.95210118582258
62.654274181470036
810.50889003386999
770.6083768679423
727.05228862816818
98.313255875283545
665.1257753706991
109.6188786866922
1447.6902471698381
60.334474042391193
883.34803301303316
131.03161668340215
1039.5342288229454
61.693370759244949
62.157630921569407
1040.0057090394732
682.47119404411558
112.39400519616119
793.31572248865268
958.13861526509822
901.09923616160654
126.41925408081249
788.07497856354519
59.510251034239978
733.20113072492177
115.52590977029242
785.96490725352828
953.20797707210704
897.24509669937265
126.06458627689467
785.21539140989989
60.347892637045199
680.82517437525792
112.12272939099296
782.01185513992277
2419.5432139711993
619.34018750154155
91.359787046537505
540.14691606821941
108.01357867063732
1002.0925398659244
61.679908352506409
62.517152478915285
1002.9429812120258
772.92731092172778
118.35861139242914
794.53599746566169
2424.3984095633368
2430.1374437960176
61.649480587993843
659.45994437856098
93.949760709997108
2424.9104015989046
61.283622974165489
720.6226275847132
1446.8459753019679
547.12537352157608
62.04497807959968
764.11044721923156
61.616396881392873
117.48139063728426
723.68708113547018
900.23300214835308
62.654464255782543
810.52994107104519
770.61388142787314
727.05646663006178
98.313525596610972
673.72007073780026
111.70524829711978
2467.8807423508247
60.577950895543466
1080.6387378948457
62.343558553448545
799.42337870159076
61.52878102547016
118.42188335809817
755.17586600556638
662.73036205066444
109.9588085338505
743.42429598751698
1464.1551628235002
1464.9691540710771
61.367554724335456
642.60922350620422
104.07164076820361
853.63649904843078
63.132088189476988
881.20780952203631
889.70030263421484
849.26923056845237
123.12120249004157
791.78616058343073
60.576713285243073
680.91510486903928
112.12876047523915
782.02152025471605
2419.5432811965939
619.34073697254587
91.359822539474848
565.31061789886292
109.70942666458515
1005.1956914886987
61.680730533279757
62.519733687029166
1006.0479200364988
773.21061149765967
118.37761216918418
794.56645118788481
2424.3986359969131
2430.1376872327987
61.64949747813467
659.46179651780005
93.949880340916479
2424.9104738649635
61.283627984945234
787.79947134212011
2467.2926765192096
446.32752179939718
100.34657290637618
990.07433917437299
61.740899003943554
62.449789586167611
990.79455034535977
763.35475041429982
114.80512227889109
807.19025473413251
1602.0065971011438
1649.7317949806004
56.135983982782669
687.57732890428736
112.62259549940892
2466.9372522259036
60.517138595650223
1080.6296665044204
62.343118292870265
799.35776450406672
61.515557822061162
118.41313414821198
755.12179854495037
661.10872474897428
109.71282160385165
737.04598548971978
1463.1504892855551
1464.0137274774484
61.361097972091088
641.89639545316027
104.02439880076334
853.40593737496215
63.131737206702304
881.18654880410236
889.46617347161521
848.87559161427157
122.99081041924092
786.89725368566883
60.515975035387683
862.61987071882447
63.429812578481183
893.72628267873176
868.62861652789331
750.47180591461643
56.134415739706796
566.29717624092746
97.911185304771507
967.69534679446815
97.956278343432317
62.297294078722089
987.16609912906483
745.36504048798759
114.96652827305518
724.5310334240985
1217.4749751209013
1223.478297718083
62.018679444815504
677.41369438104834
94.844247594663074
838.7232526529458
120.43205602410072
788.68981465873617
2466.4058601824713
527.23426467432989
103.72708285364661
1037.3042448841882
61.762823428947755
62.695000688493273
1038.2379259535794
792.17971425496114
116.54541969146833
695.28971168375347
1292.9045694299364
1292.9569325537389
56.232071448287563
689.72726178829066
111.19152962218985
1447.545702884488
60.307950104702229
883.18732743898954
130.99757406814066
1038.4635608539181
61.634471817446013
62.096003347566366
1038.9323676016322
673.66411898799925
109.62639766771974
792.11291703320364
958.45388583606336
901.53178553747102
126.52928902698042
792.25081649101026
59.507885310686085
723.99440945204344
112.62283541565982
788.25792705698836
952.91294597308308
896.96635512534976
126.04326458565419
784.82999610419415
60.321246545441348
668.41740170658352
108.64541776952785
754.77911913466141
956.59573237051404
781.74389538017977
56.133655938147413
535.40518960676593
106.00205028660007
999.77753986218715
61.5945005239004
62.414423120107138
1000.6106632563741
758.29007757794921
114.38401007837527
766.44220696300192
957.8829274947451
909.00066313083346
124.91558474559349
835.77364354953863
56.133655009737616
907.33992768336577
122.62166796014792
722.85320068928809
1446.7221456732109
546.69808518821822
61.974992543498374
712.72107724305624
113.66975705013067
62.320534554026793
756.49716082647751
749.23561575985161
114.16336557091972
686.41235398618949
2286.5072859693
2286.5090942359639
56.136689740589532
866.64328755749898
62.959436085261437
820.02941094548817
116.40560599114833
867.63045232071568
127.09882790826296
1036.5818247371333
61.641479904419405
62.105165849173346
1037.0530299423406
674.65607855612382
109.89247209038984
801.93655789549553
2495.5327909394155
2496.1723919188903
61.629587827031187
668.93023196054219
102.10908828146165
725.39035878805328
112.95227994319112
801.69135126746448
2478.067680686087
2479.6445160207372
61.626295378750626
669.62559700772522
106.49797408770083
767.35424008707196
110.59816760862338
810.59584198840355
913.05596826880833
739.2728199050274
56.134386159789045
669.97091521709729
62.815164747134368
841.75387642804094
80.557906567393374
62.874184092372666
856.80518525793912
808.62981941755868
119.98202389641359
766.21577799124293
957.56396627961669
908.46400078810632
125.1788180670267
836.8251618585125
56.133623914711436
859.12221241993814
120.15643596233508
861.21015548618504
865.86503311244326
549.30111689901719
62.046345495325085
764.27262736989849
61.616424383715859
117.49158032834508
723.8371894289312
900.25427015735363
62.65447844351889
810.53151220102802
770.61428966848837
727.05677550117491
98.313545777264338
673.72169483561299
111.70493923491605
2467.8374587810836
60.57793674144061
1080.6386731921923
62.34355540640626
799.42300267668259
61.528779014153443
118.42175444474481
755.17541434988777
662.7300865276386
109.95873870619828
743.42203757546247
1464.1525882660503
1464.9662750390657
61.367235777872359
642.56439033534718
104.05963984040531
853.63185101027682
63.13174572578901
881.15822230862341
889.65010690959002
849.23090863947243
123.11861215791674
791.78110395287251
60.576699179015748
680.91509932499957
112.12876010351219
782.02151965912856
2419.5432811924479
619.34073693865207
91.359822537286163
565.30906734565554
109.70932216237649
1005.1955003841455
61.680730482590363
62.519733527888476
1006.0477288217753
773.21059403174365
118.37761099804831
794.56644931109338
2424.3986359829519
2430.1376872177889
61.64949747709305
659.46179640357866
93.949880333540762
2424.910473860507
61.283627984636212
787.77836678931294
2467.2461136855736
547.06204767455313
62.028979007974748
721.16247146653882
116.59868320671254
62.323778326223234
762.91641618858716
749.54947537596274
114.23818678919174
687.82357835371954
1217.0376699224153
1217.2257919458523
56.401804390507905
869.64509987696488
63.112466467545701
836.05674788959334
119.75135243908366
883.37779081581266
131.03756340758207
1039.7218446280119
61.698588099931321
62.170072535236912
1040.2007797614956
683.18955962474945
112.58948375547793
800.34139085436902
2497.3292438140556
2498.018773508682
61.702790729029608
677.33526665781642
106.36298230521743
734.96110484084102
115.99447577665978
802.28004513871781
2482.3051361732805
2484.0041460523844
61.689273422272201
678.7367489303042
109.54180908676793
664.88173319878376
108.783259074516
749.55938451375584
956.0513724830314
781.95220280214971
56.13362180841461
673.84591061810806
84.669636400276744
985.50671102770843
61.54693846461533
63.478670593657164
987.06364085634732
875.56829227855428
116.72134533312608
824.76629903297533
919.4005831600507
866.34253587793057
121.90065081287885
795.27852272747612
56.134461649354762
906.53594829405802
122.89005199359842
878.51289141826487
879.67409876306294
547.21202791600422
62.0450072971922
764.1139661386386
61.616394632889325
117.48163423761008
723.69033645306615
900.23358923200897
62.654464401367967
810.52995702708154
770.6138820979827
727.0564658565811
98.313525859531538
673.71963341317417
111.70513110664859
2467.8715907220817
60.577947875550663
1080.638724212906
62.343557887861593
799.4232991743728
61.528780599564215
118.42185610904045
755.17577051146554
662.73030371245034
109.95879374456693
743.42381783239489
1464.1546175345777
1464.9685443610927
61.367487216714984
642.59973395620216
104.06910439765019
853.63551694677517
63.132015816382875
881.19732860590875
889.68968913318781
849.26112788528985
123.12065475712274
791.78509127980101
60.576710275208015
680.91510368488196
112.12876039585643
782.02152012754573
2419.5432811957089
619.34073696530754
91.359822539007567
565.31028703877132
109.70940436533513
1005.1956507216423
61.680730522452741
62.519733653037477
1006.0478792459143
773.21060776707316
118.377611919098
794.56645078718213
2424.3986359939322
2430.1376872295941
61.649497477912142
659.46179649340229
93.949880339341462
2424.9104738640126
61.283627984879224
787.79492786818787
2467.2828312313745
450.06905198968269
101.92083744206676
990.12337077340135
61.740793443969409
62.41128371730904
990.80443013469869
758.60228222412718
114.8940207066408
684.84021998388914
1385.3684235537748
1385.3989249333968
56.139443293065426
687.58227124469977
112.63389468184631
2467.890501003817
60.578236441228384
1080.6387474194407
62.343559016758149
799.42343615938535
61.528783420765322
118.42190077258662
755.17593095464599
662.73069845185148
109.95889787550325
743.42750276760762
1464.1579757006518
1464.9717246591126
61.367597842046585
642.61523115264015
104.07320566414757
853.63711548964523
63.132133492552967
881.21435321991066
889.70709606773789
849.2745669062308
123.1216430960571
791.79059140559025
60.57699889342441
678.32072232660244
111.4463713884912
759.75376589248674
929.64194937385423
743.8553288446177
56.134400071383702
565.3336930438835
109.70321017384451
1004.8445801168651
61.662085469758047
62.498628525422106
1005.6943097875057
770.312008777904
117.64328118616024
770.90693764163439
936.17035172770704
885.12895715604873
125.74230975659638
800.53927576805791
56.134476346718628
877.70127603129492
123.947821181265
789.25759673823177
2467.3025795865469
446.57617090260555
100.34811671716518
989.47491907329118
61.734721759246625
62.401052342746183
990.15175319678576
756.5118223271005
113.84839204713161
752.4340700202506
2351.2499008214968
2351.3850520731648
56.136626837884315
686.74422288771257
112.41829073525994
879.56150653739974
121.82231730215381
1080.6750476778375
62.345324862325157
755.63019380350306
118.69506656531235
61.989707370219755
800.09422215662653
864.25032880802178
63.232234538410964
895.47220253722037
903.86814980822635
860.3036843208024
123.98283227868313
797.15956026526044
59.52902165870934
713.49111580428132
113.12271674808778
737.48544703306607
1454.835446679491
1456.6682635506029
61.33955072806345
642.15419754052846
106.498987962645
856.32605511658608
62.837746270580233
834.09182311784741
828.70887989150287
744.23339871811788
56.134400580123973
653.11086047032882
62.089833733767577
727.49582554806091
116.70441671008822
62.353386571506093
770.16157172248631
753.43359902716327
115.34553053035339
718.68869157627682
1424.9448327342739
1430.1183275646595
61.288542372053122
621.93074248231267
91.527023108262966
801.09822861816644
119.01324810865215
781.6596287862684
937.65508918073044
443.10580909420889
98.177047745438387
977.29419816843017
61.589191034877295
106.49306474509882
957.49346038284102
1056.1023231262013
80.766420191508345
861.67678627087162
825.79785600550088
783.3135334064807
98.259218386307651
667.44545600480183
108.09078833132973
1447.6049372805264
60.312823843296975
883.22652060741302
131.00579738218639
1038.7681438304735
61.692698360719511
62.096550699542775
1039.1783622735545
682.39516523845759
112.38590076544268
793.17627010581657
958.48904748509403
901.5612558837355
126.53264925989556
792.31623314034925
59.510294995370835
724.05493467943802
112.6272601488283
788.29201466445829
952.93353368841372
896.9846029260566
126.04589937019628
784.89621780642312
60.326138933279076
692.37990989844275
113.1754979811335
849.72309418806663
1642.6249239681106
614.28302276267539
90.701360232596471
536.02543792639528
106.11111777193354
1003.196045531075
61.764675655634093
62.606514163958465
1004.0512739780929
785.00347447336969
119.36087101272616
860.94485693838305
1646.8409678418457
1701.721102017977
61.59446736572658
654.20558448874374
93.267248322472398
1697.0780092081034
61.230723151439001
726.20718542466921
1446.778922058591
457.21764524719163
89.878092347569279
958.00833016787624
61.543334792300882
104.11779151437185
937.3566401195402
995.66333732072019
63.298759750593831
875.85035012226285
811.57113023167324
766.08728255525875
98.84471026968842
664.65462921054234
109.39481495388884
880.0562280174006
122.22362114884469
1080.6160919021436
62.342457242107201
755.31816635173288
118.67862109411365
61.924475823513028
799.68819784784421
864.38977405221249
63.247013183714792
897.43126968287561
905.53527242197219
861.61441382150599
124.03263801975811
796.49431572575043
59.461763400944221
703.81791889179817
110.17235917547156
735.87737754429406
1453.6781662070523
1455.5809378824556
61.346699802107594
643.10476717240022
106.88843800649775
672.04171261163413
110.36527526455455
835.60428327564534
1647.4448434632493
605.9276975699031
90.444227106933411
664.72410990210358
64.040305238858252
984.81453382403492
61.587997508599784
84.444316009357493
983.01543968499186
870.13206314871161
113.78272095757121
871.33003578446221
1647.6348453636824
1700.5971287004456
61.645955358245708
660.0756229326488
93.418705933070413
1701.6128616725568
61.156300225688192
778.99544778186396
937.99801577495418
443.10485914540607
98.176643515098533
977.2741756814097
61.585381393720276
106.49270122877211
957.47749527660346
1056.095655923938
80.766404308175098
861.67636138787009
825.79775468555511
783.31345772912573
98.25921315103804
666.8853143279714
107.93725456377905
1447.8611981096458
60.335291162640651
883.34811678863491
131.03165698747438
1039.5351064155709
61.693380327351832
62.157722365811267
1040.0066626291264
682.47242416312361
112.39435041455778
793.32587072904596
958.15015428432309
901.10948646193799
126.42481840039302
788.19022091985789
59.519601100890497
733.2115861616652
115.53005286436782
786.05510602105403
953.28145235604234
897.3063693483972
126.0690999238676
785.26019328235202
60.348714368034052
692.3978448995897
113.17667026668549
849.72505105482765
1642.6249597811945
614.2831369437414
90.701367517205199
540.28353047832081
108.05358085850197
1003.8025977061686
61.764839490748841
62.607028131554557
1004.658181229524
785.05994596276798
119.36456856897884
860.95101205378478
1646.8410824381706
1701.7212149484876
61.594470865884929
654.20596871751718
93.267272850593102
1697.0780443959268
61.230724191567418
720.90523136546892
1447.0248872734744
459.25242283557367
89.958754092332057
958.26410059542923
61.543386498624407
104.1213911434199
937.60768272581879
995.68926061578941
63.298778135842717
875.85237950346072
811.57163898720989
766.08766894942858
98.844735160688117
664.66028781211219
109.39519074384933
880.05621048545561
122.22362012279646
1080.616091868116
62.342457240463077
755.31816616734056
118.67862107989481
61.924475785430069
799.68819761360999
864.38977391402136
63.247013176548208
897.43126880574209
905.5352679074665
861.61440737980229
124.03263644389442
796.49424974843521
59.461758683359328
703.81791344997964
110.17235788710805
735.87732797080344
1453.6781357539624
1455.5809121826937
61.346699783955039
643.10476543351194
106.88843806356648
672.04171263023261
110.36527526568105
835.60428327762133
1647.4448434632864
605.92769757002668
90.444227106941383
664.72411729485634
64.040305245529325
984.81453458108331
61.587997508770478
84.444316012168201
983.01544044155253
870.13206319747087
113.78272095962261
871.33003578913554
1647.6348453641385
1700.5971287008729
61.645955358248564
660.07562293296371
93.418705933090123
1701.6128616725935
61.156300225689321
778.99599261732271
937.99799172471387
446.96984368043616
100.42379437378349
991.61538418686746
61.677978569852982
62.596945819017115
992.54595456629772
783.91268132497135
117.91111055404595
833.0241037627577
1584.7929320411529
1633.208520293651
56.135119106389794
678.18831941662359
109.64670937953429
869.57267585823149
116.85564301858858
1079.4972941058584
62.288035231204361
746.705147218192
115.62389057732814
61.981509781963155
793.27752700936696
861.75048118414088
63.118382057248233
882.43303687004902
890.32923130363577
844.0173045724946
120.62708505430487
791.03966593058283
59.537647515233118
712.46505077433972
112.92397120098251
731.4532486285699
1453.9291521360417
1455.6839169658003
61.271070476612586
633.52517533151683
102.92452143765838
810.20396792620318
99.27612964014196
957.91987276673672
957.74974045434885
788.41494836477739
56.133649177037682
631.23452475704039
103.4916471997482
1048.3742151886968
62.610818414146742
62.723979733582141
1048.5955912227794
796.08180944181174
117.72460606851611
728.33436330434029
1444.2392802244365
1449.491858233471
61.367055953987958
631.03531451716003
91.838698797921154
943.51909004671211
118.94733059210445
781.14131364237244
928.31295229252078
834.64305658776698
127.8568634882584
1038.2456490800353
61.748098678045309
62.511782641918039
1039.0213711718002
771.331331136063
117.31832789285879
754.12817373255837
2351.2500285092642
2351.3851706874129
56.136626838041046
688.20355231184556
112.51242199911465
879.49384603712622
121.81781216379986
1080.6749202329008
62.345318662616265
755.62949104301492
118.69499966371524
61.989580245319445
800.09335821488582
864.24933282438121
63.232168946401856
895.46382782975365
903.85054462281983
860.28175536515505
123.97684304441327
796.94695592178357
59.513411532851833
713.47350616916447
113.1182240041893
737.32500705012149
1454.6984487860013
1456.546756403369
61.339449721308519
642.14296077639119
106.49812395362564
856.32601467161282
62.837746243168645
834.09182008117205
828.70887908523832
744.23339855492293
56.134400580123753
653.10488048151672
62.089829962408359
727.49541195057213
116.70438906939593
62.35338632281811
770.16112420436139
753.43357411144052
115.34552886523721
718.68868914011864
1424.9448327241469
1430.1183275532192
61.288542370728912
621.93074233649372
91.527023098848503
801.09822799911751
119.0132480648997
781.64103506189576
937.56629818245676
