428.6824699169
961.0113552746
926.4409042233
707.4577713999
798.0861237930
654.2865682457
1247.1317614469
708.8686042141
617.0865858581
921.5598221273
1054.9337397335
788.8177258615
1834.4384100520
829.4231507305
740.1519522300
719.4633964082
901.9669810987
909.2394415844
661.3844637887
669.1475637950
1457.8599835236
752.0671060936
717.7560566764
690.0033209440
961.2936426814
974.3758928874
1077.9828904312
910.2664746335
797.0139012034
922.8715200158
765.2981669781
428.9684755755
962.0190888371
927.1953138491
703.6161348991
808.9812211667
732.0404534456
852.3077898161
742.7736743189
605.3890635477
936.4704173251
1053.7549375810
781.4328835853
1833.8885222292
828.2852697011
734.9751333602
763.4159770111
901.8924403380
911.7859689450
662.4290706743
700.3942424509
1485.5304569574
622.4183496253
683.3607232635
714.8474287405
1456.7854268548
1004.3676493987
1126.8386102294
993.0954131335
955.9675822572
984.2783658877
817.8943738411
503.8142812626
750.9458176887
950.3282644521
689.7712727103
867.3552290681
828.2784498081
778.8348778326
690.0970196471
535.6968836266
1477.4049261748
931.8816859977
1012.9875983880
928.2935405371
706.1753478682
765.4211566827
758.7216295745
758.9303339275
960.1529690536
750.4846538410
755.6043830724
955.0050912941
654.0188159379
751.4164450069
704.4573945283
2452.2268086962
974.1594093288
928.5963851919
810.8235320264
764.4138835243
2457.2679297285
700.5076519137
503.7345031334
749.0507750727
1839.0018409669
835.1617269099
786.6805294861
653.2861961650
1247.1317309612
886.4310696219
632.6633045578
887.8649678927
931.9049029335
1013.1422027235
928.4873161135
706.8214038519
766.7197405169
707.2654211843
765.1626523264
2527.6739357969
705.5127523829
768.2660180093
2513.1539318744
752.0672545319
717.7599845744
690.0451653804
961.2936603885
975.9499693371
1078.0218343304
910.3752634165
797.0245568317
922.8715595189
765.2985069370
501.5153083290
748.8762334970
1838.9964883984
835.0861202762
786.6907115994
652.4096298337
2316.5081901026
885.8459471047
628.2881735456
887.9870413940
931.9067147752
1013.1539305482
928.5198555854
707.1627962646
766.7207374850
707.8967583050
768.4824835862
2527.0796582425
705.1383934730
768.2408456260
2513.0909828791
707.1782166147
782.2809069448
785.6117340924
916.0890737581
849.1588963037
1317.8543731680
851.5365287849
735.0411375656
963.0139616306
808.9049822952
503.1714783151
751.0325933930
951.0300006481
696.1745677084
867.3880728281
828.2811652307
778.8354227787
753.2541737827
564.3413327324
2497.5771994503
1054.9231622933
788.7516390880
947.7058791246
684.7269116490
818.5108561073
667.0817427001
706.7732690952
1494.5615809077
757.0169069411
888.9558440781
899.4753959083
654.0194444425
751.4263340981
704.5599344101
2452.2268775299
977.3300799833
928.9392039925
811.1465720876
764.4450462491
2457.2681616119
700.5097705769
497.3073724871
681.0783367706
1816.5806261664
822.9950045738
961.3476054768
891.3684753820
818.7354344313
882.4556380598
625.8959376203
876.5424940268
931.9059582668
1013.1487774034
928.5139919694
707.1513227669
766.6731997730
707.8175264512
768.3906275775
2526.7784476054
697.7261610235
767.7775441340
2512.2212313714
652.9350508502
834.8247309696
834.1734799446
1691.1493423410
800.7685302942
1479.3294423704
891.2290191888
815.9799083886
1708.2254449734
684.3653382692
497.8692490763
1017.4786089010
1087.8005507291
722.9690434907
834.2967297201
661.4932588321
1322.9307510235
751.9155530698
560.3162240948
2496.6795544765
1054.9198108441
788.7306992248
947.6887760573
684.6565826094
818.2888325582
659.8585436046
706.0813598971
1493.8361738697
755.0302309083
886.7919710726
887.8832728455
751.9071129357
723.2324924869
693.7295715013
961.9678670442
974.9276541859
926.5563909283
798.1243532678
735.3631620088
963.4419173505
807.8652094257
428.9303919229
961.3666437692
926.6036864602
704.7922095481
802.2030233076
765.3779453837
1655.8691150739
754.2475486712
556.5691341496
2493.2472667285
1053.7464937955
781.3843862834
947.4910372819
683.9084000277
815.3549598548
658.8234579084
699.8393889661
1492.5261782619
753.9428186353
870.8152875758
884.2818252204
718.8474835794
908.6120193772
829.6328795581
883.6759082417
962.2051166990
1257.7165025782
785.6515680427
691.2078776977
1250.4766357281
720.5840169439
422.9824774115
949.4108663423
945.3727457607
693.4990652586
1035.2474939753
869.1125795306
834.5556948046
690.0414879699
532.5133171666
1477.1963623988
931.8815301528
1012.9865645784
928.2908560899
706.1485558641
765.4198232364
758.6992402375
758.6667760729
960.0260627042
750.1646875056
755.5938875302
954.9655590737
647.2492881413
808.9617333969
715.1041454024
1699.8514666028
975.1709770698
930.9849982466
822.0584608444
820.6193765349
1704.2810349768
693.4797880147
430.1154690964
934.7975195866
923.9063298660
688.8488755041
967.9152148308
892.0018532008
818.8292246641
744.8603498850
621.8861558379
939.0271220237
1054.9008358278
788.6117437182
1834.0310098792
829.5508824549
735.3454573792
763.0769139495
903.5164778459
913.5748431886
664.4191371795
700.1241810663
1484.6295521666
638.3424442895
794.5279424704
695.5075708497
1704.5288525679
980.2918793880
1053.0319893062
892.9269440249
841.2704913381
1704.1159870321
699.6732705251
497.9254556598
1017.2632018872
1087.1585184894
716.3136485717
834.2265158851
661.4870662698
1322.9307509777
686.6837159294
535.2689078460
1477.4441988264
931.8758971895
1012.9538912468
928.2572883856
706.1599462125
765.1447467771
754.4072641604
758.7829803880
959.6265046913
750.4760932911
752.1258314708
955.2966975652
751.9068779698
723.2250798506
693.6516463500
961.9678385603
972.4839010521
926.2919276564
797.8790072730
735.3397989100
963.4418234741
807.8644310874
430.5541114879
960.3975874415
925.2329686951
704.6771572296
788.3951070031
649.5289871909
1415.3836693801
754.6014317515
560.1940473433
2493.7406994588
1053.7239979906
781.2434297497
946.7854552645
677.4553352959
815.3144744896
659.5528703335
705.1086921290
1493.2540091701
754.5059979344
870.7678768106
884.3295395225
711.9276534099
727.3215033353
694.7311787573
933.6679075593
975.0378489913
926.7278528990
799.2812492918
738.6762846600
940.6448261335
770.7440236798
431.1975334540
961.8780282419
926.6893935564
705.1288293575
802.2568888464
765.3831348143
1655.8691805914
685.4655176495
528.0864202849
1476.6524139237
931.8794218108
1012.9737878536
928.2565629980
705.8050334322
765.4201682144
758.7488625256
754.7632808912
960.0080724507
745.4939909108
755.6125040275
954.4931176772
718.8469890403
908.6018189044
829.5150995080
883.6738465494
959.0280545192
1257.3656505125
785.3480762027
691.1812412056
1250.4765315998
720.5821854320
430.1655187654
934.8057139996
923.9141463071
688.9243551018
967.9168181335
892.0020024564
818.8292587233
745.4605581072
621.9273183585
939.4312927444
1054.9609964930
788.9885482226
1834.7646501680
829.6128884694
743.6929323831
763.8738877385
903.5841247881
913.6294493556
664.5759342604
701.7740232264
1485.8473950584
638.3424452670
794.5279573505
695.5077305526
1704.5288527913
980.2968611394
1053.0320854472
892.9272894033
841.2705212417
1704.1159899038
699.6732727580
428.8741901049
935.4787890107
924.1117406350
688.8052153613
967.9936373061
890.3669862000
817.8937732309
741.7238458343
613.8827371054
939.2270718208
1054.9555832301
788.9549628301
1834.6960555735
829.4367666768
743.0960602685
759.1740038287
901.8981837608
912.0474929731
663.0802213486
695.7795292137
1485.6485647367
652.9345319344
834.8168601745
834.0835041756
1691.1485122180
799.8104180325
1479.3055236208
891.1414786598
815.9713909415
1708.2252940192
684.3647563799
501.6014650633
750.7177687858
942.3540577409
688.1321117306
867.0812508505
828.2558091779
778.8303327481
684.2382259868
535.2711643799
1477.2681112359
931.8758035395
1012.9529386631
928.2564165462
706.1596099446
765.1328121325
754.2876464131
758.7812517330
959.6189257134
750.4399881975
752.0347654204
955.2265368857
654.0188076928
751.4163038097
704.4559957171
2452.2268077851
974.1105449782
928.5905733917
810.8191407799
764.4134419246
2457.2679266797
700.5076242624
501.5642246953
750.9111456121
951.0290548074
696.1719970002
867.3725662334
828.2799083723
778.8351740290
753.2579000877
564.3417048654
2497.5867094350
1054.9231758092
788.7517237543
947.7059250452
684.7269655855
818.5118003958
667.0903669279
706.7737619306
1494.5621584473
757.0180139336
888.9650510711
899.4847666013
654.0194444506
751.4263342266
704.5599357424
2452.2268775308
977.3301211662
928.9392084411
811.1465762849
764.4450466540
2457.2681616149
700.5097706044
428.5581718861
961.5739297111
927.3123720317
712.2031716617
802.2696987822
765.3843728617
1655.8691960409
754.1809637269
556.8511115256
2496.6715562042
1054.9142265977
788.6956998718
939.7491809699
683.0321795463
818.2729276490
666.2627208430
700.2172251100
1493.5821083815
752.0031536355
888.9174192421
899.1708825429
718.8474878159
908.6121055525
829.6335860158
883.6759345904
962.2310863798
1257.7146547005
785.6537078901
691.2080424495
1250.4766364195
720.5840280902
500.0535528437
1017.4784530628
1087.1616695094
716.2658967556
834.2454107973
661.4887379025
1322.9307509918
686.5570717492
531.8888022545
1477.1339242789
931.7184758435
1011.9039429461
926.7531458590
698.6775540717
757.3103431342
758.6269303941
757.5610927807
959.9928356868
750.0682887141
754.4181992137
954.9396505492
751.9068070277
723.2229879512
693.6295530037
961.9678300269
971.7981419433
926.2184562507
797.8094226456
735.3332001819
963.4417953128
807.8641965569
501.1945923393
742.0218367857
1838.7244416178
832.1819379499
786.2945722130
652.3748648824
2316.5081901026
867.8120942042
628.2268176283
872.9472220290
917.2770251943
1009.9437852157
926.7634432694
699.5684770880
758.4880535034
698.3769484794
766.8761893603
2525.8525914292
697.5869962496
767.7967857585
2508.8560983534
707.1783570902
782.2856315405
785.6598202139
916.0890903444
849.4519235159
1317.8708223885
851.5880700271
735.0460371682
963.0139835339
808.9051643172
503.8206971406
751.0845411951
951.0302595377
696.1743939178
867.3946238244
828.2817090812
778.8355325848
753.2393779080
564.3399136898
2497.5417862334
1054.9231119791
788.7513239494
947.7057079155
684.7267108105
818.5073376732
667.0496698670
706.7714331752
1494.5594316526
757.0127810925
888.9215485089
899.4405077745
654.0194444114
751.4263336085
704.5599293352
2452.2268775265
977.3299228931
928.9391870156
811.1465560995
764.4450447063
2457.2681616004
700.5097704721
501.5154201029
748.8787982627
1838.9996073147
835.1465355824
786.6701184453
653.2852834709
1247.1317309341
886.4305220146
632.6633237181
887.8654233263
931.9049034281
1013.1422060076
928.4873196382
706.8214081338
766.7197711090
707.2660737844
765.1626916501
2527.6740086614
705.5127903023
768.2663171412
2513.1546411128
752.0672545321
717.7599845791
690.0451654296
961.2936603885
975.9499712515
1078.0218343786
910.3752635474
797.0245568446
922.8715595190
765.2985069374
501.6541706107
750.9150659228
951.0290462321
696.1716042229
867.3731766039
828.2799292282
778.8351739773
753.2538995066
564.3413226692
2497.5772109768
1054.9231623119
788.7516392030
947.7058791821
684.7269116350
818.5108574716
667.0817531094
706.7732689082
1494.5615809478
757.0169073976
888.9558572656
899.4754085092
654.0194444422
751.4263340946
704.5599343740
2452.2268775299
977.3300788701
928.9392038722
811.1465719738
764.4450462382
2457.2681616118
700.5097705762
431.2424128740
961.6249039813
926.8695932844
712.1928917862
797.3717202994
650.6813436755
1415.3836742436
754.7706909357
564.3779876882
2497.5965402952
1054.9231852053
788.7517826138
947.7059836238
684.7272716153
818.5123923679
667.0958680605
706.7767874255
1494.5648501799
757.0223111155
888.9708068084
899.4908314870
711.9588306893
728.3945234875
702.1913307655
933.6716127026
976.9853960084
928.4414152543
808.4654413860
739.9686584804
940.6496544419
770.7846578056
428.8645137198
960.9583506826
926.6153000888
711.4216590205
796.0720435871
720.7249419614
2381.3174764473
747.5494095551
611.5074314853
938.6082978591
1054.9589957147
788.9761085420
1834.7482667121
829.4211343198
743.6859394733
763.6988827802
901.6857938874
912.0859170645
663.5199485866
701.7200045498
1485.7518551151
712.3511864483
851.5714988172
821.6132682723
844.9035542548
756.5916971458
1838.1456161230
790.4098973363
685.8077624937
1457.5315801495
657.0206164599
422.9824755762
949.4108494187
945.3726946390
693.4985494211
1035.2474871619
869.1125790297
834.5556947060
690.0364210487
532.5109887710
1477.1919296696
931.7568378309
1012.1586567225
927.4646620165
706.0745829304
757.3798355010
758.6922744549
758.6594646270
960.0251516844
750.1318383242
754.4510351332
954.9590683072
647.2492880880
808.9617325740
715.1041370491
1699.8514665881
975.1707208169
930.9849706174
822.0584345513
820.6193739480
1704.2810349299
693.4797878356
430.0176648956
934.7863294754
923.9061707177
688.8485997538
967.9141075473
892.0017577244
818.8292063935
744.8603235064
621.8861553906
939.0271218962
1054.9008358277
788.6117437171
1834.0310098774
829.5508824492
735.3454573640
763.0769137558
903.5164777898
913.5748431217
664.4191371227
700.1241809261
1484.6295520448
638.3424442895
794.5279424703
695.5075708484
1704.5288525679
980.2918793419
1053.0319893051
892.9269440218
841.2704913379
1704.1159870321
699.6732705251
422.9818713794
949.3941370693
945.3221960233
693.0094167510
1035.2405244910
869.1120962400
834.5556062073
684.5220912252
535.3763431461
1477.4430426916
931.8758880678
1012.9538364521
928.2572916882
706.1608062227
765.1439590909
754.3977136500
758.7909131048
959.6298203731
750.4855846191
752.1178766920
955.2939108522
647.2494201652
808.9637646700
715.1248172761
1699.8515020886
975.7999981461
931.0524566061
822.1235580537
820.6257655624
1704.2811486933
693.4802323259
432.3156374641
935.0535449850
923.9104895111
688.8551765193
967.9410478335
892.0040643768
818.8296539683
744.8608938754
621.8861630553
939.0271011051
1054.9008357941
788.6117435069
1834.0310094243
829.5508823139
735.3454524559
763.0768502940
903.5164768334
913.5748376436
664.4191348679
700.1241344464
1484.6295239683
638.3424442897
794.5279424723
695.5075708700
1704.5288525679
980.2918801443
1053.0319893235
892.9269440760
841.2704913428
1704.1159870325
699.6732705254
429.2596227276
963.2392792003
928.4302671387
704.2131760328
820.7799266925
791.3231267086
1639.0007261674
746.9918210160
607.1771482693
928.9428140754
1053.7971115174
781.6996467967
1834.4556407432
826.9388537437
742.6741582424
757.3376641385
887.8562781921
897.1732679381
654.9198067191
695.4490399425
1484.8065345509
758.8453618299
944.5022399965
816.9190274175
980.6344152505
1029.5367436102
1104.5118207126
838.0138629370
695.8805871561
1476.8655692290
666.8115103240
875.4782312366
1011.5580167185
932.9106940895
713.1127210653
810.1308409094
722.4830666290
2381.3175995984
747.5465773257
611.5012295001
938.5300721098
1054.9588699896
788.9753209302
1834.7467630895
829.4201698394
743.6696824256
763.4946968308
901.6774612088
912.0661499940
663.5070995881
701.5700338498
1485.6226025947
712.3511862789
851.5714953416
821.6132263278
844.9035535422
756.5912190221
1838.1456099461
790.4098685345
685.8077599655
1457.5315801387
657.0206162909
531.0172670632
140.4042311064
825.5968735677
200.9745560247
900.6389446533
877.2849348789
850.3381089707
134.3860266725
150.7218771749
592.7221774137
592.8217092523
150.7375928496
771.5554254986
135.4569629860
150.9972020591
628.8821762830
708.0570769065
133.6553113118
923.0896404656
211.8632433189
1760.3875965579
137.8223514566
843.9962692937
1758.4892235460
639.3097205794
154.2583749957
764.9044671085
205.6962188784
133.6553078428
941.1692970063
943.3564929713
135.6648520097
728.9445718791
133.6553077793
799.5485446804
134.6776147182
151.6090635969
602.7263751706
636.2126689278
185.0817178240
680.7100442711
153.0239769096
152.8793354632
633.4486348419
715.3190297634
136.3585579861
613.7216396276
193.7559735517
974.5409244139
204.4104990361
1014.3915175552
1031.4248564485
947.5471087170
165.0741913306
152.2241038398
726.5419805275
809.2708215637
136.5642924122
668.9355955165
154.3945188353
756.3838590089
135.6320749135
531.2911097152
140.4240077555
825.9528200447
200.8200168790
901.9625034261
878.4378076536
861.5979906202
135.9110117482
154.4625786744
651.9963262983
718.1078578151
121.5512786626
768.8909067547
136.1222408003
174.3501619759
675.1009735639
735.3146943030
133.4270693680
921.8590281269
211.4273805499
1759.8806610133
137.8000404650
837.3711432139
1757.8963834450
692.9641115677
178.2746646951
764.0792427686
205.6371335981
133.4270649484
940.8576507678
944.2328263123
136.5272522075
729.6208258547
133.4270648876
795.6492425890
135.2907063657
174.9554390280
647.1416838523
658.9774497067
186.7859025500
681.2959798612
121.5471760311
152.0644772235
615.4540202913
646.8299994439
183.7055982474
608.5239068116
193.0219127456
1021.1357598932
206.6694239697
1038.6159771352
1082.5414605655
1002.5120697204
194.2428332084
121.5497531768
962.6916621083
979.9358732029
137.6024189765
727.9527807942
156.6464811873
777.3581074425
134.9559804266
520.5765703336
180.9129764302
842.0175411809
201.3394645150
813.3042490845
908.6389877233
788.7417024031
203.9793546463
121.5483741050
862.9970316389
862.9970316389
121.5483741050
755.5522737523
135.0886614874
174.4275139751
639.6701939466
645.0728972961
179.8301883141
976.0291163677
141.4240490191
826.8785327139
201.0073857114
936.8594970291
879.7085483602
689.5664657106
178.0418468315
771.4935645661
136.4392295310
183.4558191708
695.1206510083
751.4347134793
136.4351344721
688.9817566286
183.0109013978
823.6867379944
136.3739715692
177.8776319578
687.3006079952
748.5779599098
136.2735183447
709.2723486232
121.5483740282
121.5484120486
730.4580347086
695.6476960763
189.0499661454
625.7017984377
140.6622068679
827.0117113296
200.9363622595
910.9467847146
880.1810590542
863.9270190578
136.5468214561
121.5484125587
740.9904399814
707.4483592643
192.0881289667
750.2828881404
121.5483740486
769.8175589658
136.2918006639
520.4252066311
180.8129851150
1764.5173362010
137.9349490456
809.9093638247
1763.4863457327
840.2551940886
134.3663985041
150.6693220683
591.9940678107
592.0934770868
150.6850440169
768.2868240742
205.2201677711
131.4336347203
925.0523196668
927.8040797599
133.9608954209
976.0528993149
141.4270824547
827.0522420227
201.0499856377
937.0469344883
879.9223902043
767.0055104459
131.4336346438
772.1963937864
136.5614878996
133.9609000948
753.9506932310
705.3694541432
189.5654055777
768.2047269386
133.9608953719
825.1027351667
136.6224022290
131.4336479129
753.9935764942
710.5060382207
192.5356240193
680.7101550910
153.0239841870
152.8795371480
633.4514616812
715.3221968035
136.3585613623
625.0659018697
194.5760775781
974.5722378540
204.4147109794
1015.7665672517
1031.4714308068
947.6429845172
165.0748821380
152.2245946608
726.5500588111
809.2797500280
136.5642990823
668.9358408633
154.3945358278
756.4208497564
135.6321519839
518.8040656640
180.6872979242
1764.5110717630
137.9334662579
809.7556220701
1763.4819050339
840.2453491106
134.3491954099
150.6114617870
591.6619636104
591.5632284449
150.5957490608
768.1999561739
205.1927066307
131.4320702316
924.5397244823
927.2000588420
133.8756458408
976.0547482439
141.4273125634
827.0930408360
201.0691956570
937.0571921514
879.9466703348
767.5610066964
131.4320701531
772.5686142626
136.6266396221
133.8756525706
756.6050764607
710.7720432341
192.6765088240
767.7866807696
133.8756457623
825.1030833883
136.6219086387
131.4320834199
753.9743372205
710.4649193413
192.5222139890
626.9586304084
151.5152523298
151.6204317201
715.0907006667
795.5508676756
135.4239238130
613.4227491759
190.2012690783
1238.5980059859
188.9266757030
911.2658099461
1247.1107403501
898.9038124324
135.9716211526
153.6950981443
645.9960160431
730.6041894748
137.4211362220
719.2683208990
156.5933290759
836.9097860237
163.9938277159
520.1173952856
180.8837322851
842.8517363995
201.7005742170
813.3815179437
909.2082648966
788.7657231910
203.9812222578
121.5483741050
862.9994270916
862.9994270916
121.5483741050
762.5500438375
136.3278584542
131.3885416282
741.7876253696
692.4441105952
184.6069291279
923.0785931067
211.8593789925
839.8561158048
200.9459599464
845.6116843468
905.5556424444
731.5083692404
131.3885288264
751.4585533480
135.4158636229
182.1587583373
658.6440519339
663.8448140162
187.3596230606
695.1798105768
184.8051242525
756.3095790939
204.4779932853
131.3885289248
927.2365776189
932.6941308562
136.4016865557
709.2729030641
121.5483740282
121.5484120490
730.4660482811
695.6549159756
189.0505189194
651.0384796535
140.7244181259
827.2660944394
200.9596121048
913.2847780225
880.6123135456
864.2126573578
136.5474328953
121.5484125600
741.0156925301
707.4711177631
192.0898778719
750.2847571379
121.5483740486
769.9082266659
136.2919946963
512.4237568274
176.9379394297
1740.1226317716
137.6962766878
753.5531317747
1743.0386205612
892.6505269358
209.2584930321
121.5483744722
917.2132106409
917.2089859957
121.5474541165
756.0167818741
201.2908919448
131.4210240551
921.5385559145
924.1599454645
133.8289393164
976.0539710481
141.4272114726
827.0881700946
201.0683945240
937.0508029888
879.9398138441
767.4791747844
131.4210239772
772.5565921652
136.6248454483
133.8289466110
756.4958520513
710.7110114889
192.6676448608
761.1984561981
133.8289392297
825.0512573266
136.6128188867
131.4210372532
753.5889373025
709.7522317053
192.1245741656
708.1078207289
121.5471848869
121.5483784313
832.1880433431
793.0845973566
190.5646777910
611.5659188922
190.2896722199
1412.3017020623
185.4915616351
866.8826211261
1396.3571826786
935.6961590306
137.5587515319
121.5492333826
785.9372445046
747.1224942159
193.8801806451
736.0231648173
121.5483740476
872.4638011981
170.2131382295
548.0906508182
185.3883142489
986.3810524559
206.4881157142
1025.7558432867
1039.2200490023
882.2340345240
134.5269067894
150.8520007894
599.9939988630
599.9939988630
150.8520007894
786.1055340860
136.3016036953
131.3060041297
740.5857777208
688.3650066105
181.4685391033
923.0750929632
211.8581421244
839.8401251743
200.9414983187
845.5884693412
905.5374269402
725.0467434902
131.3059905889
751.3817323747
135.4022877884
181.9186175694
657.9374458277
662.9760722870
186.9578361955
693.5324023125
184.4967570311
756.0384878880
204.3574445587
131.3059906903
925.2384387875
930.7434281203
136.3627063293
681.9806409133
152.7194854354
152.0520288593
638.8910003789
721.6755593326
136.3450378295
647.4364295412
140.6772896924
824.9931767584
200.2914756270
910.7796072104
878.1196050982
852.1106963377
135.9778262235
152.4489939761
647.8864061561
732.9932732416
137.4047746076
719.8724918258
156.2697364909
759.7559997893
135.7396353462
531.2435925770
140.4112032959
825.5775077083
200.8507583137
901.1137122367
877.6298652120
856.3439572609
136.5660113286
121.5492268316
744.9392831228
675.8888559277
156.2367324762
770.1750287008
136.3474768223
131.3278952677
743.0907679696
693.1752482502
184.3138688914
921.8500971091
211.4249165127
839.6606646243
200.8923343752
839.0455110049
905.3214099394
724.2115322922
131.3269702099
750.5878613115
135.2797172737
178.8034137065
650.4455096915
655.6247604001
183.9833894890
692.5022470425
184.3166977776
753.0531771227
203.5487839490
131.3269866307
911.2912111353
916.7599406043
136.3412373947
639.7089778316
154.1140056004
121.5474414983
932.3552439928
947.6893643511
135.6525592307
626.7764240446
188.1971538436
1199.6339930242
168.7363427297
975.2515078548
1165.7990121321
840.5693714230
135.1104884752
152.7417785464
618.9872482368
655.5496645391
189.1431041940
767.8970469278
121.5471636869
802.1035940345
204.2976934346
525.6621453708
140.3285394301
838.7239415320
201.3339210801
930.2587421680
902.0215499894
1007.6323351823
190.8476674331
121.5478109595
896.2578630461
896.2578630461
121.5478109595
758.8856190074
135.0875794442
174.4211686181
639.6563030641
644.8992294037
179.6654098380
976.0289568089
141.4240287348
826.8752266156
201.0058867334
936.8585466953
879.7064855643
689.5482611019
178.0387672845
771.4642993440
136.4340582428
183.2810547456
694.7675891258
751.2206432880
136.4346951735
688.5876568530
182.8331637656
823.6853377611
136.3737656475
177.8751793956
687.2910399639
748.5631911674
136.2672402914
703.1779472616
121.5471740559
121.5510154316
784.1598663393
744.1396669539
191.3173928248
622.9151811825
140.6820572564
829.3725550705
201.5689320110
912.4600023519
882.5974414228
875.0191790605
137.6488079779
121.5510785540
793.1434707461
754.4657464261
194.3384853451
743.9575120785
121.5471709653
780.4175518021
137.4199954920
511.7610859857
189.2307464919
818.9216510524
196.6583342375
960.3244659067
878.8910086797
905.6568406063
209.0029024995
121.5474424349
917.7290416552
917.7332755209
121.5483744810
755.9916112085
136.1631912758
177.1128416075
679.1835308459
737.4415721505
133.7497840593
923.0552863495
211.8511020970
1760.0326589851
137.8248586578
843.7119060688
1758.0293607733
692.4088888022
178.0757934254
765.0730700071
205.7883046945
133.7497795270
942.6449482128
945.6610858295
136.5206288745
731.7269401597
133.7497794459
795.9703707261
135.2854264372
174.7533884954
646.6127036600
658.9258166191
186.8697265047
695.4253709039
121.5483740271
121.5492365393
768.6886627579
729.3372288421
190.4016919912
616.4175892593
195.4821373721
950.2372786047
204.3809938241
1021.2957191103
1005.8267000076
927.4842883285
170.3720279218
121.5483784983
836.4679539372
798.5400818002
193.8654589085
749.3370768433
121.5471830846
762.8991661221
137.1379459716
548.1243265516
185.3784610186
985.6043940649
206.0592040375
1025.5575491773
1038.7126429140
882.1719755352
134.5267852875
150.8516776542
599.9894771531
599.9894771531
150.8516776542
778.8405745479
135.0215137494
171.7469406511
634.5368529104
639.8853621899
177.0556636972
976.0232727302
141.4233857093
826.8501105372
201.0046748804
936.8170631604
879.6644662340
683.5057728146
175.0533310364
771.4767852143
136.4363315250
183.4259231491
694.9885901722
751.2250375992
136.3502057767
688.9469694724
182.9884684461
823.3674061737
136.3054942919
174.9233541027
681.8769517163
745.6865352847
136.2733391964
681.9804651387
152.7194739989
152.0516651469
638.8856424361
721.6695515300
136.3450328943
625.2880961086
140.6293401424
824.7968559723
200.2735997015
908.9769231625
877.7869993404
851.8937546853
135.9773678106
152.4478524984
647.8695136969
732.9743277947
137.4047591566
719.8719127260
156.2696978916
759.6870965932
135.7394899007
532.6550351897
140.3921879328
824.5760934649
200.7734737385
899.6439710573
875.8898439253
841.6876261741
134.2926824159
150.5752290649
588.4687180191
588.4687180191
150.5752290649
770.0816342182
136.3545158090
131.3289906713
743.3959622506
693.7176346995
184.4523244920
921.8266129353
211.4166190976
838.8211886633
200.5293894330
838.9203152817
904.7497218658
724.8567302751
131.3280817074
745.0083806253
135.3832070281
181.8638194153
657.2446903334
662.2026149386
186.9729832503
693.2167844105
184.4637260564
753.0215806124
203.5447839676
131.3280980833
911.2510156004
916.7306576495
136.3524404490
633.8394499811
153.8604493426
154.6713972953
645.0287686044
724.9024833445
135.5169982060
647.3334038543
140.6794431672
825.1623506368
200.3454816621
910.9132666758
878.2933551611
853.1951439570
136.0418279789
155.2695646034
653.2822311912
735.2578378775
136.6710226306
676.5913598222
156.9588838114
760.7228241157
135.8190375143
533.2543827836
140.4212369923
825.6586458064
200.8692533757
901.4908217372
877.7201413063
856.3915816975
136.5661131550
121.5492268316
744.9435056704
675.8926453233
156.2370031812
769.0006761916
134.9977120879
171.6586782992
633.7449367698
638.6068757059
176.6627096341
976.0268198326
141.4237776429
826.8329780270
200.9856751111
936.8470251033
879.6801479691
689.6619865231
178.1234259655
771.0771764222
136.3573428590
180.0430153952
688.7176979668
748.0329351873
136.4356625982
682.0054704210
179.5993027973
823.6860089851
136.3741273099
177.9580539473
687.3847401464
748.4832262261
136.1754459432
639.7086178537
154.1139796240
121.5474414983
932.3462596458
947.6803694102
135.6525495275
601.6908384586
187.9047274493
1199.3356305313
168.7284351298
972.7062793498
1165.3956704938
840.3009342718
135.1099658518
152.7403762880
618.9678805681
655.5302002211
189.1416132655
767.8954314682
121.5471636869
802.0120572733
204.2923749130
511.8050835208
189.2315342982
818.9314424341
196.6622092139
960.3316961323
878.8968501800
905.6580594543
209.0029782523
121.5474424349
917.7291727641
917.7334066305
121.5483744810
756.0706926691
136.1749313633
177.4545504587
680.0636016492
737.8572468566
133.7505913051
923.1180933273
211.8733379493
1760.6782057526
137.8260752057
844.2226045785
1758.8510945835
693.4196526720
178.4262286824
765.1216629955
205.7945962654
133.7505864385
942.7051530697
945.7374127132
136.5362241664
731.8659029460
133.7505863575
803.3691596120
135.3177736280
175.1554482717
648.2690888854
660.0868877458
186.9647746297
695.4253717658
121.5483740271
121.5492365393
768.6886747216
729.3372396213
190.4016928209
616.4464370649
195.4852674552
950.2373518659
204.3810078688
1021.3000604363
1005.8268190286
927.4845901494
170.3720296950
121.5483784983
836.4679787844
798.5401043901
193.8654603703
749.3370788110
121.5471830846
762.8993071277
137.1379462634
510.8527332522
189.1144921126
819.1341201851
196.6076422603
960.4509105884
879.0893610848
905.9869946179
208.9882036794
121.5483744639
916.3657266646
916.3615123863
121.5474482675
755.8842823795
136.1013968411
174.3913637454
674.3878539114
734.6198749545
133.5932313872
923.1124347601
211.8713066923
1760.6140937276
137.8226202125
844.1801918940
1758.7780174194
686.9538783867
175.2895798366
764.9053086395
205.7084654769
133.5932242398
941.0537854524
944.1571052890
136.4437314819
730.3778912949
133.5932241283
802.7135307074
135.1999725756
172.1857509685
641.1250790410
652.9423700289
183.9603837987
708.1073630854
121.5471848869
121.5483784313
832.1813910279
793.0785124275
190.5643145805
602.7829251332
189.6002122232
1412.2810183155
185.4843242726
866.0365059612
1396.3300289261
935.6187714027
137.5585844103
121.5492333827
785.9303127971
747.1162438924
193.8797068106
736.0226515073
121.5483740476
872.3850553892
170.2125736654
518.9599102188
180.7850526271
832.5373851083
197.2344377972
813.0972226937
902.1707303735
788.5413757822
203.9637752766
121.5483741050
862.9770587494
862.9770587494
121.5483741050
753.9802455055
134.9735319813
171.5628722623
632.7096301441
638.1333998110
176.9219352429
976.0231705042
141.4233670927
826.8495349226
201.0046120584
936.8158493827
879.6632981697
683.3522437591
174.9900842836
771.4764535171
136.4362978728
183.4258979292
694.9877070542
751.2216117247
136.3478726763
688.9213073113
182.9866243111
823.3550129035
136.3037191289
174.8630455264
681.7422947997
745.6239134919
136.2726310009
709.2723413422
121.5483740282
121.5484120486
730.4579183062
695.6475912032
189.0499583163
625.3248043926
140.6612471409
827.0072849430
200.9359867381
910.9099525798
880.1738618405
863.9231295557
136.5468127858
121.5484125588
740.9900765386
707.4480317553
192.0881043444
750.2828637249
121.5483740486
769.8163199978
136.2917978914
518.9410532694
180.7927751018
842.8509176391
201.7003934797
813.2740202732
909.2071919757
788.7543492434
203.9803417157
121.5483741050
862.9983180885
862.9983180885
121.5483741050
762.5478551379
136.3279315669
131.3902320851
741.7923347418
692.4468373386
184.6071442879
923.0786072168
211.8593839902
839.8561519104
200.9459650958
845.6117792057
905.5556981799
731.5178174638
131.3902192875
751.4586114555
135.4158732927
182.1588031361
658.6444289745
663.8456088125
187.3600855512
695.1806340089
184.8052014057
756.3107315116
204.4785090623
131.3902193859
927.2465399124
932.7022764777
136.4017082758
709.2729030713
121.5483740282
121.5484120490
730.4660483852
695.6549160694
189.0505189266
651.0388088112
140.7244189340
827.2660977395
200.9596124066
913.2848083860
880.6123191427
864.2126610692
136.5474329032
121.5484125600
741.0156928582
707.4711180587
192.0898778946
750.2847571622
121.5483740486
769.9082278440
136.2919946988
530.9196189088
140.4152703025
826.4695679288
201.2601246364
901.3010342051
878.1551761347
856.4029095051
136.5661374448
121.5492268307
744.9445137141
675.8935500610
156.2370676627
776.7090676686
136.3459476312
131.3894955375
742.5228799432
692.6379713160
184.3449860521
923.0692640539
211.8560525996
830.3957237882
196.8491405838
845.5572389148
899.1026381516
730.7864213487
131.3894825891
749.8228985578
135.2871274487
178.8476639749
650.7197880749
656.3359286975
184.3170545969
688.1666697932
181.3744259111
756.1344636760
204.4629465780
131.3894826879
927.2032601345
932.5525922537
136.3031590974
639.7089806749
154.1140058551
121.5474414983
932.3553190953
947.6894395313
135.6525593138
627.0239721885
188.1978732300
1199.6315527863
168.7363546468
975.2709892865
1165.7977566146
840.5712475355
135.1104917086
152.7417879025
618.9873628086
655.5497800833
189.1431133972
767.8970567574
121.5471636869
802.1040843810
204.2977272421
549.7589061076
185.4525856454
985.6029981341
206.0585017835
1025.7359285843
1038.7203408847
882.1886794733
134.5268180877
150.8517646618
599.9906993098
599.9906993098
150.8517646618
778.7967285171
135.0192125181
171.6037432395
634.4411801678
639.6719516597
176.8343203437
975.8619920319
141.4027867806
825.3793145723
200.5466468818
935.5859033562
878.1269771458
689.4769699501
178.0160349885
764.8500724338
136.4123638842
183.1909926855
693.9326435512
750.3233953263
136.4332763788
688.4863869924
182.7962706197
816.5063752439
136.3506976680
177.7943224498
686.4177214998
747.6086044456
136.2653489082
681.9804120992
152.7194705391
152.0515608504
638.8841323203
721.6678588270
136.3450313545
622.2920881442
140.6158859674
824.7424754393
200.2686085870
908.4721578273
877.6944370622
851.8322349818
135.9772383427
152.4475253361
647.8647479019
732.9689839460
137.4047544776
719.8717384047
156.2696862263
759.6675639967
135.7394488580
518.2238711601
180.3235885270
1764.2123742747
137.8765106706
803.7007240113
1763.2365089609
839.8951596607
134.3485132870
150.6096368461
591.6366480213
591.5379170955
150.5939239004
765.1320715657
204.2855401845
131.3698674420
908.6877667974
911.4240837116
133.8744591153
963.0804745700
141.3643270292
825.4335693641
200.5923009914
934.2241022080
878.0933171747
759.1547760911
131.3698536599
765.8350268652
136.5951312569
133.8744655894
755.3430420337
709.0781075446
192.1995777464
761.1273216505
133.8744589489
817.8333729870
136.6134193076
131.3707986451
754.1380628351
710.2643330175
192.1131976311
626.9587319695
151.5152592061
151.6206457082
715.0942962007
795.5548362531
135.4239265691
615.8161704595
192.5726336918
1238.6128978168
188.9303301461
911.5247015110
1247.1287469601
898.9493775688
135.9717172780
153.6953441037
645.9995506423
730.6081525006
137.4211398904
719.2684559257
156.5933381856
836.9521543538
163.9941394886
520.5882559138
180.9203370836
842.8519158821
201.7005789195
813.4274667801
909.2086031933
788.7705022859
203.9815949525
121.5483741050
862.9999068356
862.9999068356
121.5483741050
762.5495743940
136.3275681450
131.3822489041
741.7693443098
692.4332856776
184.6060777850
923.0785405796
211.8593603836
839.8559811793
200.9459407582
845.6113311869
905.5554346518
731.4732254092
131.3822360862
751.4583369594
135.4158276004
182.1585897850
658.6426455415
663.8418558114
187.3579028176
695.1767397010
184.8048350677
756.3052850697
204.4760722293
131.3822361846
927.1994733808
932.6637890469
136.4016056027
709.2729030367
121.5483740282
121.5484120490
730.4660478843
695.6549156181
189.0505188920
651.0372244771
140.7244150437
827.2660818440
200.9596109534
913.2846621799
880.6122921873
864.2126432207
136.5474328650
121.5484125600
741.0156912797
707.4711166361
192.0898777853
750.2847570454
121.5483740486
769.9082221785
136.2919946867
518.8042802102
180.6874280468
1764.5150517255
137.9346509825
809.7574376460
1763.4841629038
840.2459906697
134.3663805963
150.6692741010
591.9934036559
592.0928128198
150.6849960552
768.2757596207
205.2193399722
131.4337606052
925.0519736733
927.8035971328
133.9608957969
976.0528998214
141.4270825192
827.0522448015
201.0499860402
937.0469385964
879.9223944748
767.0062231867
131.4337605288
772.1963984037
136.5614886712
133.9609004707
753.9507254708
705.3695156121
189.5654405325
768.2047607986
133.9608957479
825.1027685433
136.6224080982
131.4337737975
753.9939447812
710.5062575728
192.5356416940
680.7101550911
153.0239841870
152.8795371482
633.4514616845
715.3221968073
136.3585613623
625.0659158862
194.5760785450
974.5722378930
204.4147109845
1015.7665689256
1031.4714308641
947.6429846326
165.0748821389
152.2245946613
726.5500588209
809.2797500389
136.5642990823
668.9358408636
154.3945358279
756.4208497999
135.6321519840
519.0082027713
180.7978309164
842.8508928852
201.7003740039
813.2775221675
909.2071995790
788.7548362983
203.9803749759
121.5483741050
862.9983367762
862.9983367762
121.5483741050
762.5474237722
136.3278530728
131.3885438219
741.7874053324
692.4439107449
184.6069141690
923.0785931261
211.8593789994
839.8561158461
200.9459599488
845.6116844774
905.5556425180
731.5083808076
131.3885310200
751.4585533317
135.4158636193
182.1587578182
658.6440512897
663.8448144137
187.3596235742
695.1798103978
184.8051237673
756.3095807650
204.4779940108
131.3885311184
927.2365916271
932.6941424862
136.4016865647
709.2729030639
121.5483740282
121.5484120490
730.4660482783
695.6549159731
189.0505189192
651.0384707525
140.7244181041
827.2660943502
200.9596120966
913.2847772019
880.6123133943
864.2126572572
136.5474328950
121.5484125600
741.0156925212
707.4711177550
192.0898778713
750.2847571373
121.5483740486
769.9082266340
136.2919946962
533.2886205240
140.4162692041
826.1480639131
201.2370323683
901.0696331269
877.5911226556
849.6310395570
134.3152926325
150.6359377964
589.3063135924
589.3063135924
150.6359377964
776.7131437763
136.3576138115
131.3912662784
743.0192518621
693.5482772520
184.6886747413
923.0786170259
211.8593874655
839.8562099820
200.9459836736
845.6118437742
905.5557572657
731.5237961866
131.3912534237
751.4589460476
135.4159326555
182.1607992183
658.6484647334
663.8480863440
187.3605234779
695.1855941574
184.8072645751
756.3114531370
204.4788317286
131.3912535221
927.2527432761
932.7074458269
136.4017925902
633.8621118254
153.8620917572
154.7279240957
645.8087133469
725.7726096606
135.5176099715
651.0634526469
140.7176551343
826.7843636462
200.8134731228
912.8741696526
880.0984668624
861.3246547040
136.0671854548
155.3376472315
654.2216152946
736.3058995229
136.6718199556
676.6208955915
156.9610244084
767.3267789202
135.8400910824
531.1767593155
140.4031908438
825.9242189085
201.1845902674
900.5069819542
877.3063812690
849.9806604358
135.6896074363
121.5484108439
705.5873383986
640.2332535435
154.3239787295
775.8785464186
136.2159261643
177.5683408626
681.5608263855
739.3236925160
133.5466743608
923.1160018250
211.8726302299
1760.6598594810
137.8223155415
844.2114989787
1758.8366739431
693.2994342431
178.4190903401
764.8843182251
205.6971892953
133.5466674893
940.8158645000
944.0666971840
136.5327925832
730.7157495260
133.5466673836
803.3618448450
135.3167143226
175.1548841313
648.2335524520
659.9915374331
186.9131012271
634.1473038214
153.8827609791
121.5483741152
883.5452017241
898.7611321092
135.5253072967
599.1446893025
186.8722538257
1763.4774099081
137.6691186449
816.6413328744
1762.8138223378
844.2399112935
135.0045026896
152.4864866849
614.8380327496
648.0966884257
185.7457985613
711.9204136123
121.5483740295
756.6722808326
202.7488716239
525.6621433922
140.3285390960
838.7238781925
201.3338923265
930.2587274184
902.0215110855
1007.6323295413
190.8476672952
121.5478109595
896.2578626056
896.2578626056
121.5478109595
758.8850557395
135.0874800154
174.4175714317
639.6492872721
644.8954364910
179.6650248159
975.9012741322
141.4077844808
826.2709271645
200.9586206789
935.8093499814
878.6583968685
689.5398691628
178.0350704320
771.3988872919
136.4339147855
183.2805517385
694.7621571276
751.2145821736
136.4345584865
688.5636624235
182.8313154174
816.5683797508
136.3513419034
177.8116442808
686.4570020004
747.6364515674
136.2665957177
703.1779472146
121.5471740559
121.5510154316
784.1598656665
744.1396663468
191.3173927799
622.9131217305
140.6820522283
829.3725345844
201.5689301331
912.4598134333
882.5974066504
875.0191558114
137.6488079271
121.5510785540
793.1434686324
754.4657445183
194.3384852030
743.9575119205
121.5471709653
780.4175444159
137.4199954759
511.6751503419
189.2296086583
818.9215256282
196.6583093494
960.3147721327
878.8908158072
905.6559851037
209.0028513093
121.5474424349
917.7289575253
917.7331913906
121.5483744810
755.9913672669
136.1631907582
177.1128401272
679.1835114857
737.4415506632
133.7497840505
923.0552863493
211.8511020969
1760.0326589834
137.8248586577
843.7119060676
1758.0293607714
692.4088885691
178.0757933222
765.0730700001
205.7883046914
133.7497795182
942.6449481539
945.6610857759
136.5206288707
731.7269401000
133.7497794371
795.9703707096
135.2854264345
174.7533883950
646.6127034655
658.9258165147
186.8697264944
695.4253709039
121.5483740271
121.5492365393
768.6886627578
729.3372288420
190.4016919912
616.4175889324
195.4821373490
950.2372786038
204.3809938240
1021.2957190700
1005.8267000063
927.4842883258
170.3720279218
121.5483784983
836.4679539370
798.5400818000
193.8654589085
749.3370768433
121.5471830846
762.8991661210
137.1379459716
525.6612713531
140.3281930874
838.6625468823
201.3050396232
930.2438234671
901.9818451642
1007.6265085802
190.8475317920
121.5478109595
896.2574370200
896.2574370200
121.5478109595
758.3347952271
134.9790992117
171.6090802312
632.9996161899
638.3577312997
176.9288029781
976.0232635204
141.4233846345
826.8501579793
201.0047167657
936.8169823367
879.6644253972
683.4938041681
175.0480203072
771.4777120629
136.4364870791
183.4319758255
694.9994389971
751.2311201642
136.3500183627
688.9588946512
182.9946033203
823.3665411812
136.3053381887
174.9181138308
681.8661452102
745.6802691098
136.2735253324
703.1780636990
121.5471740559
121.5510154316
784.1615254580
744.1411640929
191.3175038036
625.4538294197
140.6943981748
829.4224973581
201.5735310001
912.9230568034
882.6824158540
875.0767335477
137.6489333308
121.5510785540
793.1486861815
754.4704536084
194.3388365257
743.9579039405
121.5471709653
780.4358284262
137.4200353454
513.6946583132
189.2583984747
818.9249991556
196.6588378338
960.5468388482
878.8959798665
905.6769142016
209.0040874748
121.5474424349
917.7309901939
917.7352240683
121.5483744810
755.9971835942
136.1632019476
177.1128378536
679.1838967758
737.4420129149
133.7497842009
923.0552863142
211.8511020842
1760.0326585811
137.8248586550
843.7119057771
1758.0293602675
692.4088118337
178.0757576202
765.0730698540
205.7883046276
133.7497796686
942.6449474668
945.6610835687
136.5206276240
731.7269382692
133.7497795875
795.9703653807
135.2854255215
174.7533537002
646.6126395290
658.9257817335
186.8697239343
695.4253709040
121.5483740271
121.5492365393
768.6886627595
729.3372288435
190.4016919913
616.4175945051
195.4821377686
950.2372786187
204.3809938261
1021.2957197727
1005.8267000284
927.4842883733
170.3720279221
121.5483784983
836.4679539411
798.5400818038
193.8654589087
749.3370768436
121.5471830846
762.8991661401
137.1379459716
531.5740267885
140.4479527056
826.8750830381
200.9155031394
903.4978467470
879.9854512394
873.2541914967
137.0740776295
121.5508266713
773.0875150397
702.4712789440
156.4024656767
769.5077144798
136.2048883167
177.5788277093
681.3246652681
738.9832339287
133.4698540687
921.9029875121
211.4434122326
1760.3516280710
137.7736455906
837.7711134022
1758.5596534154
685.7841063914
175.2648543749
762.3585241233
204.9888851989
133.4697149421
928.6318273694
931.8361944943
136.4077283433
723.0927068324
133.4697110854
802.3343990387
135.1934941028
172.2652442588
641.0099298712
652.2427936741
183.5794466473
687.3821230457
153.0140995617
121.5499086656
951.0570674269
967.0438621309
136.4536802356
627.3520685302
190.6159934532
1006.1886913814
210.7646043011
1040.7895351512
1052.8349500438
886.2566002986
135.2015570314
152.7584866993
624.3044240103
657.9324469891
186.6323481588
720.4559450585
121.5471728651
849.4421531888
192.2858479535
926.2417717585
141.3959993898
830.5858607456
201.6018249224
938.3091029389
885.2355274334
862.4203067720
135.7241033372
121.5484109129
707.0120252015
641.5111816838
154.4165966097
777.3702710855
136.2158705799
177.4679114083
681.4583601528
739.3213339928
133.5465526718
923.1158705739
211.8725837281
1760.6585184543
137.8222966175
844.2104569227
1758.8350077247
693.0506089307
178.3080555848
764.8831951965
205.6967166361
133.5465458004
940.8083812729
944.0549849781
136.5287862628
730.7042821637
133.5465456947
803.3443000554
135.3137717580
175.0467045159
648.0241106249
659.8819042869
186.9045496611
634.1473036983
153.8827609701
121.5483741152
883.5451986581
898.7611290396
135.5253072933
599.1401570211
186.8719028953
1763.4774035915
137.6691178219
816.6409104727
1762.8138163006
844.2398858316
135.0045026400
152.4864865517
614.8380309119
648.0966865794
185.7457984196
711.9204134633
121.5483740295
756.6722501651
202.7488692383
446.4209867812
100.3396588868
989.4942938332
61.7035249851
62.4169132055
990.2189238314
759.4271373375
114.8963423972
688.7883747969
1217.0377025338
1217.2258203600
56.4018043967
682.3962858935
111.2765363192
864.7747134859
121.2506323723
1080.6494443260
62.3440793010
755.4924582378
118.6875289404
61.9620723761
799.9185334054
864.2540937082
63.2351222238
895.7951679795
901.6377452670
856.8411379017
122.7577011695
751.0868377174
56.1344097425
709.6627053692
112.1478008939
702.6351173261
1425.2562031115
1430.4637639358
61.3228705331
640.2990694351
106.6902849990
664.8456669846
108.7809982139
749.5555991721
956.0513559287
781.9520598723
56.1336218082
658.8258644587
84.6158960301
984.0153152198
61.5466075012
63.4777485819
985.5717399280
875.4718908669
116.7163441093
824.7560446242
919.4005462003
866.3424938314
121.9006405767
795.2781951296
56.1344616489
906.5359294340
122.8900475112
740.9380834955
918.3449307686
446.6909974794
100.3787243055
990.4345924228
61.6732776049
62.5032398591
991.2764581250
771.1253798240
116.9693509639
763.1658543200
853.7628471277
790.8527325045
102.2700099989
677.5536068640
109.5348547047
877.3047778065
121.8270052350
1079.4545159583
62.2859446818
746.4968440063
115.6520664437
61.9212423677
792.9687495716
863.1570045659
63.2343407423
895.5549857461
903.5054433833
860.0664945066
123.9537605237
796.8664757082
59.5088690820
703.5003468723
110.1639888252
736.1873418032
1454.6083191974
1456.4525947174
61.3310356050
640.8879837781
106.4813663207
689.3241502311
110.6292533902
716.2703952080
1424.3347870081
592.7072487621
89.3718495988
639.7543532824
93.0912759415
1016.6368461518
61.7510854748
64.1078778571
1018.6420473716
976.0320119204
100.7718124656
965.5196533406
962.6820338700
945.8746979053
122.1537322781
845.4077813335
56.1336557771
1429.2360667015
61.0194373882
777.0376762746
935.6360568437
549.2938254416
62.0452535151
764.0927848738
61.5663607918
117.4829109406
723.7165294663
900.2162837254
62.6544527368
810.5286651525
770.6135452140
727.0562104512
98.3135092999
666.6850970270
109.8413332043
1447.8299931109
60.3377954598
883.3540739994
131.0325590331
1039.5677073810
61.6934925777
62.1598495333
1040.0414156112
682.4886012048
112.3979801012
793.4627678960
958.6336879885
901.6722501187
126.5404787213
792.3453508404
59.5111141285
733.5383536754
115.6189786858
789.4042049400
952.9774121967
897.0327703915
126.0568772478
785.2616497747
60.3512251228
680.8263753527
112.1228117679
782.0119911407
2419.5432148506
619.3401945673
91.3597875239
540.5140287412
108.0382144115
1002.1396132906
61.6799192631
62.5171867139
1002.9900787751
772.9310792001
118.3588712555
794.5364228301
2424.3984125050
2430.1374469520
61.6494808045
659.4599680919
93.9497623049
2424.9104025418
61.2836230387
726.2671884164
1446.9798592386
549.2017295969
62.0303360771
721.3112845106
116.6086233974
62.3238680513
763.0774277933
749.5584848990
114.2387867349
687.8244577917
1217.0376699514
1217.2257919711
56.4018043905
869.6597426178
63.1124708007
836.0563545808
119.7513264689
883.3777903105
131.0375633016
1039.7218414292
61.6985880662
62.1700722944
1040.2007763524
683.1895549898
112.5894825773
800.3413528048
2497.3291734825
2498.0186981112
61.7027855932
677.3345501539
106.3627926377
734.9610712919
115.9944669246
802.2797055616
2482.3044011097
2484.0034626391
61.6892731229
678.7367157555
109.5418065075
664.8817331564
108.7832590718
749.5593845093
956.0513724830
781.9522028020
56.1336218084
673.8458921429
84.6696363370
985.5067092165
61.5469384642
63.4786705926
987.0636390445
875.5682921627
116.7213453271
824.7662990206
919.4005831600
866.3425358779
121.9006508129
795.2785227271
56.1344616494
906.5359482940
122.8900519936
878.5131838068
879.6735812046
547.0619197500
62.0289584927
721.1591933767
116.5966785480
62.3239434816
762.9141401367
749.5784488851
114.1861765962
686.4458519432
2286.5072859693
2286.5090942360
56.1366897406
869.5823870507
63.1076008517
836.2647143142
119.4175824663
883.3796439568
131.0379341412
1039.7358764173
61.7012687975
62.1700798558
1040.2120832210
683.5682468905
112.6823583260
803.4855690141
2496.7238459917
2497.4354704932
61.7077229633
677.8765360897
106.3958979410
734.9616397973
115.9935777253
802.2547786394
2482.2424743113
2483.9394914469
61.6860655465
678.4689891761
109.2287154103
767.3115392637
110.5960264378
810.5912959691
913.0559527388
739.2726845432
56.1343861596
670.0290434657
62.8128853031
841.4855330235
80.5635174228
62.8736820096
856.5331631612
808.5851761498
119.9790462702
766.2110564734
957.5639457608
908.4639775005
125.1788125121
836.8249865539
56.1336239145
859.1221947773
120.1564317672
877.9773675237
879.7093684739
548.6750199211
62.0459343565
764.2239462510
61.6164235591
117.4885376951
723.7921199701
900.2479530561
62.6544741521
810.5310369773
770.6141648986
727.0566806588
98.3135396890
673.7221977423
111.7053027171
2467.8715796721
60.5779479547
1080.6387241941
62.3435578870
799.4232990671
61.5287805997
118.4218560696
755.1757703803
662.7303037290
109.9587937500
743.4238180934
1464.1546175746
1464.9685442407
61.3674871351
642.5997226019
104.0691008298
853.6355155273
63.1320157119
881.1973138047
889.6896748557
849.2611169609
123.1206540517
791.7850909204
60.5767103544
680.9151037161
112.1287603980
782.0215201309
2419.5432811957
619.3407369655
91.3598225390
565.3102957504
109.7094049525
1005.1956517946
61.6807305227
62.5197336539
1006.0478803195
773.2106078655
118.3776119257
794.5664507978
2424.3986359940
2430.1376872297
61.6494974779
659.4617964940
93.9498803394
2424.9104738640
61.2836279849
787.7951912320
2467.2828192284
542.4589315676
61.5009290550
662.8873246021
112.4933496308
111.5685721594
670.3972165041
989.8790338969
63.2936071642
875.0918481894
811.4686981635
766.0021706991
98.8468833394
857.9071963606
63.0808265679
823.4483880515
115.7759778219
883.3788720744
131.0377635974
1039.7308208268
61.7011757117
62.1697053766
1040.2067367557
683.5571374558
112.6782437863
803.3748275349
2496.4146397960
2497.1422554149
61.7070919249
677.7944264002
106.3779241789
734.9096518954
115.9797221740
801.8037740284
2481.4000512791
2483.0424114638
61.6276570914
669.7195954631
106.4113651478
835.1605250893
98.2487332829
865.4157868636
1634.7662780840
619.7211473011
90.8224405823
667.3422915599
62.4209095210
789.6029979983
92.3819082085
63.2161424412
809.8555943493
845.3475475461
123.3686790013
856.3016537588
1650.9158743304
1705.5350156164
61.5182837022
645.6573114671
93.0038159881
1687.5324065980
61.2780570050
874.4036026192
869.6366000022
525.1358879818
103.7217512261
1037.3577621155
61.8154852222
62.6954043334
1038.2384935711
792.2242228719
116.5483309536
695.2940676237
1292.9045694646
1292.9569325824
56.2320714483
697.0697110660
113.1334177606
2466.9747843685
60.5462682667
1080.6353274537
62.3433930654
799.4031596626
61.5282297801
118.4153209605
755.1524572846
662.6530928798
109.9383266780
742.7247549619
1463.4416509160
1464.2306968233
61.3108727255
634.0743116996
101.3742293393
853.4042923841
63.1149521390
878.6242998980
879.5080674694
836.2584782214
119.4809579851
789.8385573254
60.5450216402
668.5035993577
108.6509004553
754.7882777849
956.5957670313
781.7441899221
56.1336559385
559.9188088119
107.5656285538
1002.7938970840
61.5952918291
62.4169059955
1003.6287389638
758.5615042642
114.4012651349
766.4710781330
957.8830417505
909.0007929505
124.9156155022
835.7746189615
56.1336550110
907.3399670571
122.6216772344
786.4722969152
2466.3843245845
446.6425657530
100.3613063675
989.8154144669
61.6824647672
62.4492642128
990.5942476924
763.2972281960
114.8015401089
807.1840648616
1602.0065130215
1649.7317171262
56.1359839827
678.9002716963
109.8174733550
2463.4819761445
60.5146732964
1079.4460031062
62.2855496556
792.5227873997
61.5220824263
115.3298555767
746.1584301319
661.8586001650
109.7495405856
736.6790500990
1462.1220446969
1462.9303118270
61.3014842377
634.7848131834
100.0546721320
850.4531070714
62.9830169398
864.3497583901
875.7638322988
832.7998181420
119.9898670595
788.7620783255
60.5136404585
862.6191857105
63.4298116470
893.7262025521
868.6285882674
750.4718018262
56.1344157397
566.0425241564
97.9174420659
967.6704638512
97.9560243613
62.2972767180
987.1409634466
745.3631393083
114.9664686245
724.5308745341
1217.4749744762
1223.4782969800
62.0186793592
677.4136847417
94.8442469811
838.7232282160
120.4320547603
788.6186137088
2463.0125573124
443.1058110853
98.1770482383
977.2942185834
61.5891950936
106.4930651258
957.4934765419
1056.1023296601
80.7664202086
861.6767867159
825.7978561167
783.3135334926
98.2592183914
667.4460200137
108.0909369236
1447.6091202143
60.3128421010
883.3539147683
131.0325256672
1039.5664969629
61.6932817166
62.1598390235
1040.0404087994
682.4591786627
112.3901964226
793.1833340231
958.4899185307
901.5622068776
126.5328684693
792.3234722228
59.5108136937
733.5369526930
115.6186518608
789.3937828461
952.9401272580
896.9909908894
126.0470457084
784.9278895612
60.3261573054
692.3799171394
113.1754984550
849.7230949805
1642.6249239829
614.2830228087
90.7013602355
536.0274458437
106.1112455889
1003.1962925210
61.7646757218
62.6065143713
1004.0515211114
785.0034972611
119.3608725073
860.9448594294
1646.8409678891
1701.7211020644
61.5944673671
654.2055846435
93.2672483324
1697.0780092226
61.2307231519
726.2125973694
1446.7836045833
457.3044398383
89.8808751895
958.0190498142
61.5433369685
104.1179425710
937.3671647987
995.6644031740
63.2987605180
875.8504341458
811.5711510276
766.0872983006
98.8447112966
664.6548664640
109.3948309034
880.0562281385
122.2236211665
1080.6160919023
62.3424572421
755.3181663528
118.6786210943
61.9244758236
799.6881978490
864.3897740582
63.2470131842
897.4312697455
905.5352724933
861.6144138838
124.0326380282
796.4943159271
59.4617634154
703.8179189082
110.1723591796
735.8773776942
1453.6781663359
1455.5809379973
61.3466998026
643.1047672323
106.8884380202
672.0417126127
110.3652752646
835.6042832758
1647.4448434633
605.9276975699
90.4442271069
664.7241103335
64.0403052392
984.8145338674
61.5879975086
84.4443160095
983.0154397283
870.1320631515
113.7827209577
871.3300357847
1647.6348453637
1700.5971287005
61.6459553582
660.0756229327
93.4187059331
1701.6128616726
61.1563002257
778.9954732121
937.9980159089
525.1924665206
103.7114698625
1037.0985407429
61.7632303013
62.6948520155
1038.0317211258
792.1633502752
116.5443431212
695.2881011187
1292.9045694143
1292.9569325411
56.2320714483
689.7656846213
111.2075535754
1447.8615492921
60.3344515840
883.3481261601
131.0316586439
1039.5351523640
61.6933735012
62.1577285564
1040.0067217033
682.4715049995
112.3940946065
793.3173707843
958.1461769835
901.1068323991
126.4248636790
788.2002030358
59.5203731061
733.2124558512
115.5302860435
786.0635574435
953.2848189706
897.3085761598
126.0689933659
785.2501773131
60.3478738918
668.4364484802
108.6466127098
754.7811349603
956.5957403578
781.7439636871
56.1336559382
540.1070684670
107.9734695451
1000.4385294422
61.5946754795
62.4149721139
1001.2720323720
758.3500714704
114.3877700311
766.4485656365
957.8829538641
909.0006930841
124.9155918907
835.7738694120
56.1336550100
907.3399367627
122.6216701124
722.9900666297
1447.0268483606
449.4463302928
101.8533024993
988.8807321937
61.6815336793
62.3406221096
989.5500109857
748.2086725430
111.7471217754
683.7298199367
1385.3684183937
1385.3989203665
56.1394432931
678.8106095303
109.8216326174
2463.9884788323
60.5450591516
1079.4231994123
62.2844393482
792.3404159301
61.4716014633
115.3215416724
746.0363200033
654.1673448371
107.2607104709
741.7859547044
1462.8596775053
1463.6483408348
61.3071704881
635.4133961071
100.0960668362
850.4137178524
62.9826243694
864.3129218677
875.8002316379
832.8588474071
120.0042710431
789.3304806032
60.5439495557
669.5488898330
108.6971174689
758.7198146796
929.6384815968
743.8252867465
56.1344000310
559.8101737983
107.5789397933
1002.9082093682
61.6033594453
62.4263312453
1003.7441545406
759.6997221911
114.4454592048
769.6616194126
936.1658328807
885.1238193864
125.7410697517
800.5001211530
56.1344762940
877.6973335218
123.9468697321
788.9593720850
2463.4929200854
450.0364629020
101.9245154552
990.3108093556
61.6852099211
62.4496892068
991.0874787092
763.3437044417
114.8044210001
807.1890624625
1602.0065810529
1649.7317801299
56.1359839828
679.8264174993
110.5899785267
1447.0427697715
60.2774065632
883.3517519715
131.0321605948
1039.5514200476
61.6906092715
62.1598431864
1040.0281112987
682.0693449261
112.2810932537
789.3848730262
958.4548094867
901.5613354146
126.5309997494
792.3844003679
59.5236049756
733.5375081832
115.6194451868
789.4247008801
952.5160758918
896.4701594626
125.9159157437
780.3949626764
60.2896389103
862.5058477995
63.4297291005
893.7172026847
868.6262651751
750.4713253080
56.1344157391
540.9970932576
96.7996560090
964.6399261998
97.9341940688
62.2948947963
984.0901392920
745.1023360873
114.9488801840
724.5052081586
1217.4748775542
1223.4781856454
62.0186653515
677.4121025387
94.8441455404
838.7214279238
120.4319315500
721.8179711598
1446.2620580760
457.3488288104
89.8825935790
958.0275042639
61.5439385269
104.1180906146
937.3748888960
995.6659480698
63.2987618177
875.8505676277
811.5711887629
766.0873286837
98.8447128098
664.7266954195
109.4193069758
880.4162268096
122.2450290806
1080.6770747125
62.3454236379
755.6448249099
118.7011254284
61.9897626502
800.1059983842
864.4500526236
63.2475633798
897.4960018873
905.5895717788
861.6693269323
124.0679264971
797.3279637479
59.5286710597
713.4982646626
113.1246121433
737.5371742602
1454.9267056176
1456.7680844993
61.3479050733
643.2419973577
106.8982293465
672.0418509261
110.3652825929
835.6042976157
1647.4448436870
605.9276984158
90.4442271606
664.7638556597
64.0403522516
984.8192918524
61.5879987858
84.4443359814
983.0201902851
870.1323772999
113.7827334535
871.3300641360
1647.6348482992
1700.5971315084
61.6459553759
660.0756248723
93.4187060528
1701.6128618956
61.1563002334
779.6456719090
938.4463586792
456.0260197177
90.0871124187
958.8203214375
61.5431978609
104.0958408403
938.2868198105
995.7073201155
63.2715315542
874.0212508587
810.6220050930
765.1655413688
98.8428350681
664.5317041577
109.3219300419
880.2032540604
121.8824649366
1080.6715903484
62.3451607114
755.6124047177
118.6943837047
61.9851424822
800.0700125321
864.2671124925
63.2339178237
895.7445697980
903.9439312943
860.1510546519
123.8894776724
792.7938197405
59.5207732028
712.8343584635
112.9586021208
731.7549720427
1454.7311815732
1456.5659479002
61.3361214952
641.8522748545
106.5131548458
835.0773214791
98.2471480493
865.4083789763
1634.7654193854
619.7206985982
90.8224120027
655.7591015536
62.4133823635
788.7466386099
92.3580593943
63.2152609871
808.9616090785
845.2716127344
123.3636975597
856.2934508634
1650.9157221993
1705.5348658391
61.5182791259
645.6568092301
93.0037835957
1687.5316050506
61.2780529176
776.0385827910
938.2508895812
547.1596632713
62.0434549651
763.8665780116
61.5535763083
117.4636652626
723.5131643407
899.9521011858
62.6542741815
810.5088900339
770.6083768679
727.0522886282
98.3132558753
665.1257753707
109.6188786867
1447.6902471698
60.3344740424
883.3480330130
131.0316166834
1039.5342288229
61.6933707592
62.1576309216
1040.0057090395
682.4711940441
112.3940051962
793.3157224887
958.1386152651
901.0992361616
126.4192540808
788.0749785635
59.5102510342
733.2011307249
115.5259097703
785.9649072535
953.2079770721
897.2450966994
126.0645862769
785.2153914099
60.3478926370
680.8251743753
112.1227293910
782.0118551399
2419.5432139712
619.3401875015
91.3597870465
540.1469160682
108.0135786706
1002.0925398659
61.6799083525
62.5171524789
1002.9429812120
772.9273109217
118.3586113924
794.5359974657
2424.3984095634
2430.1374437960
61.6494805880
659.4599443786
93.9497607100
2424.9104015989
61.2836229742
720.6226275847
1446.8459753020
547.1253735216
62.0449780796
764.1104472192
61.6163968814
117.4813906373
723.6870811355
900.2330021484
62.6544642558
810.5299410710
770.6138814279
727.0564666301
98.3135255966
673.7200707378
111.7052482971
2467.8807423508
60.5779508955
1080.6387378948
62.3435585534
799.4233787016
61.5287810255
118.4218833581
755.1758660056
662.7303620507
109.9588085339
743.4242959875
1464.1551628235
1464.9691540711
61.3675547243
642.6092235062
104.0716407682
853.6364990484
63.1320881895
881.2078095220
889.7003026342
849.2692305685
123.1212024900
791.7861605834
60.5767132852
680.9151048690
112.1287604752
782.0215202547
2419.5432811966
619.3407369725
91.3598225395
565.3106178989
109.7094266646
1005.1956914887
61.6807305333
62.5197336870
1006.0479200365
773.2106114977
118.3776121692
794.5664511879
2424.3986359969
2430.1376872328
61.6494974781
659.4617965178
93.9498803409
2424.9104738650
61.2836279849
787.7994713421
2467.2926765192
446.3275217994
100.3465729064
990.0743391744
61.7408990039
62.4497895862
990.7945503454
763.3547504143
114.8051222789
807.1902547341
1602.0065971011
1649.7317949806
56.1359839828
687.5773289043
112.6225954994
2466.9372522259
60.5171385957
1080.6296665044
62.3431182929
799.3577645041
61.5155578221
118.4131341482
755.1217985449
661.1087247490
109.7128216039
737.0459854897
1463.1504892856
1464.0137274775
61.3610979721
641.8963954532
104.0243988008
853.4059373750
63.1317372067
881.1865488041
889.4661734716
848.8755916143
122.9908104192
786.8972536857
60.5159750354
862.6198707188
63.4298125785
893.7262826787
868.6286165279
750.4718059146
56.1344157397
566.2971762409
97.9111853048
967.6953467945
97.9562783434
62.2972940787
987.1660991291
745.3650404880
114.9665282731
724.5310334241
1217.4749751209
1223.4782977181
62.0186794448
677.4136943810
94.8442475947
838.7232526529
120.4320560241
788.6898146587
2466.4058601825
527.2342646743
103.7270828536
1037.3042448842
61.7628234289
62.6950006885
1038.2379259536
792.1797142550
116.5454196915
695.2897116838
1292.9045694299
1292.9569325537
56.2320714483
689.7272617883
111.1915296222
1447.5457028845
60.3079501047
883.1873274390
130.9975740681
1038.4635608539
61.6344718174
62.0960033476
1038.9323676016
673.6641189880
109.6263976677
792.1129170332
958.4538858361
901.5317855375
126.5292890270
792.2508164910
59.5078853107
723.9944094520
112.6228354157
788.2579270570
952.9129459731
896.9663551254
126.0432645857
784.8299961042
60.3212465454
668.4174017066
108.6454177695
754.7791191347
956.5957323705
781.7438953802
56.1336559381
535.4051896068
106.0020502866
999.7775398622
61.5945005239
62.4144231201
1000.6106632564
758.2900775779
114.3840100784
766.4422069630
957.8829274947
909.0006631308
124.9155847456
835.7736435495
56.1336550097
907.3399276834
122.6216679601
722.8532006893
1446.7221456732
546.6980851882
61.9749925435
712.7210772431
113.6697570501
62.3205345540
756.4971608265
749.2356157599
114.1633655709
686.4123539862
2286.5072859693
2286.5090942360
56.1366897406
866.6432875575
62.9594360853
820.0294109455
116.4056059911
867.6304523207
127.0988279083
1036.5818247371
61.6414799044
62.1051658492
1037.0530299423
674.6560785561
109.8924720904
801.9365578955
2495.5327909394
2496.1723919189
61.6295878270
668.9302319605
102.1090882815
725.3903587881
112.9522799432
801.6913512675
2478.0676806861
2479.6445160207
61.6262953788
669.6255970077
106.4979740877
767.3542400871
110.5981676086
810.5958419884
913.0559682688
739.2728199050
56.1343861598
669.9709152171
62.8151647471
841.7538764280
80.5579065674
62.8741840924
856.8051852579
808.6298194176
119.9820238964
766.2157779912
957.5639662796
908.4640007881
125.1788180670
836.8251618585
56.1336239147
859.1222124199
120.1564359623
861.2101554862
865.8650331124
549.3011168990
62.0463454953
764.2726273699
61.6164243837
117.4915803283
723.8371894289
900.2542701574
62.6544784435
810.5315122010
770.6142896685
727.0567755012
98.3135457773
673.7216948356
111.7049392349
2467.8374587811
60.5779367414
1080.6386731922
62.3435554064
799.4230026767
61.5287790142
118.4217544447
755.1754143499
662.7300865276
109.9587387062
743.4220375755
1464.1525882661
1464.9662750391
61.3672357779
642.5643903353
104.0596398404
853.6318510103
63.1317457258
881.1582223086
889.6501069096
849.2309086395
123.1186121579
791.7811039529
60.5766991790
680.9150993250
112.1287601035
782.0215196591
2419.5432811925
619.3407369387
91.3598225373
565.3090673457
109.7093221624
1005.1955003841
61.6807304826
62.5197335279
1006.0477288218
773.2105940317
118.3776109980
794.5664493111
2424.3986359830
2430.1376872178
61.6494974771
659.4617964036
93.9498803335
2424.9104738605
61.2836279846
787.7783667893
2467.2461136856
547.0620476746
62.0289790080
721.1624714665
116.5986832067
62.3237783262
762.9164161886
749.5494753760
114.2381867892
687.8235783537
1217.0376699224
1217.2257919459
56.4018043905
869.6450998770
63.1124664675
836.0567478896
119.7513524391
883.3777908158
131.0375634076
1039.7218446280
61.6985880999
62.1700725352
1040.2007797615
683.1895596247
112.5894837555
800.3413908544
2497.3292438141
2498.0187735087
61.7027907290
677.3352666578
106.3629823052
734.9611048408
115.9944757767
802.2800451387
2482.3051361733
2484.0041460524
61.6892734223
678.7367489303
109.5418090868
664.8817331988
108.7832590745
749.5593845138
956.0513724830
781.9522028021
56.1336218084
673.8459106181
84.6696364003
985.5067110277
61.5469384646
63.4786705937
987.0636408563
875.5682922786
116.7213453331
824.7662990330
919.4005831601
866.3425358779
121.9006508129
795.2785227275
56.1344616494
906.5359482941
122.8900519936
878.5128914183
879.6740987631
547.2120279160
62.0450072972
764.1139661386
61.6163946329
117.4816342376
723.6903364531
900.2335892320
62.6544644014
810.5299570271
770.6138820980
727.0564658566
98.3135258595
673.7196334132
111.7051311066
2467.8715907221
60.5779478756
1080.6387242129
62.3435578879
799.4232991744
61.5287805996
118.4218561090
755.1757705115
662.7303037125
109.9587937446
743.4238178324
1464.1546175346
1464.9685443611
61.3674872167
642.5997339562
104.0691043977
853.6355169468
63.1320158164
881.1973286059
889.6896891332
849.2611278853
123.1206547571
791.7850912798
60.5767102752
680.9151036849
112.1287603959
782.0215201275
2419.5432811957
619.3407369653
91.3598225390
565.3102870388
109.7094043653
1005.1956507216
61.6807305225
62.5197336530
1006.0478792459
773.2106077671
118.3776119191
794.5664507872
2424.3986359939
2430.1376872296
61.6494974779
659.4617964934
93.9498803393
2424.9104738640
61.2836279849
787.7949278682
2467.2828312314
450.0690519897
101.9208374421
990.1233707734
61.7407934440
62.4112837173
990.8044301347
758.6022822241
114.8940207066
684.8402199839
1385.3684235538
1385.3989249334
56.1394432931
687.5822712447
112.6338946818
2467.8905010038
60.5782364412
1080.6387474194
62.3435590168
799.4234361594
61.5287834208
118.4219007726
755.1759309546
662.7306984519
109.9588978755
743.4275027676
1464.1579757007
1464.9717246591
61.3675978420
642.6152311526
104.0732056641
853.6371154896
63.1321334926
881.2143532199
889.7070960677
849.2745669062
123.1216430961
791.7905914056
60.5769988934
678.3207223266
111.4463713885
759.7537658925
929.6419493739
743.8553288446
56.1344000714
565.3336930439
109.7032101738
1004.8445801169
61.6620854698
62.4986285254
1005.6943097875
770.3120087779
117.6432811862
770.9069376416
936.1703517277
885.1289571561
125.7423097566
800.5392757681
56.1344763467
877.7012760313
123.9478211813
789.2575967382
2467.3025795866
446.5761709026
100.3481167172
989.4749190733
61.7347217592
62.4010523427
990.1517531968
756.5118223271
113.8483920471
752.4340700202
2351.2499008215
2351.3850520732
56.1366268379
686.7442228877
112.4182907353
879.5615065374
121.8223173022
1080.6750476778
62.3453248623
755.6301938035
118.6950665653
61.9897073702
800.0942221566
864.2503288080
63.2322345384
895.4722025372
903.8681498082
860.3036843208
123.9828322787
797.1595602653
59.5290216587
713.4911158043
113.1227167481
737.4854470331
1454.8354466795
1456.6682635506
61.3395507281
642.1541975405
106.4989879626
856.3260551166
62.8377462706
834.0918231178
828.7088798915
744.2333987181
56.1344005801
653.1108604703
62.0898337338
727.4958255481
116.7044167101
62.3533865715
770.1615717225
753.4335990272
115.3455305304
718.6886915763
1424.9448327343
1430.1183275647
61.2885423721
621.9307424823
91.5270231083
801.0982286182
119.0132481087
781.6596287863
937.6550891807
443.1058090942
98.1770477454
977.2941981684
61.5891910349
106.4930647451
957.4934603828
1056.1023231262
80.7664201915
861.6767862709
825.7978560055
783.3135334065
98.2592183863
667.4454560048
108.0907883313
1447.6049372805
60.3128238433
883.2265206074
131.0057973822
1038.7681438305
61.6926983607
62.0965506995
1039.1783622736
682.3951652385
112.3859007654
793.1762701058
958.4890474851
901.5612558837
126.5326492599
792.3162331404
59.5102949954
724.0549346794
112.6272601488
788.2920146645
952.9335336884
896.9846029261
126.0458993702
784.8962178064
60.3261389333
692.3799098984
113.1754979811
849.7230941881
1642.6249239681
614.2830227627
90.7013602326
536.0254379264
106.1111177719
1003.1960455311
61.7646756556
62.6065141640
1004.0512739781
785.0034744734
119.3608710127
860.9448569384
1646.8409678418
1701.7211020180
61.5944673657
654.2055844887
93.2672483225
1697.0780092081
61.2307231514
726.2071854247
1446.7789220586
457.2176452472
89.8780923476
958.0083301679
61.5433347923
104.1177915144
937.3566401195
995.6633373207
63.2987597506
875.8503501223
811.5711302317
766.0872825553
98.8447102697
664.6546292105
109.3948149539
880.0562280174
122.2236211488
1080.6160919021
62.3424572421
755.3181663517
118.6786210941
61.9244758235
799.6881978478
864.3897740522
63.2470131837
897.4312696829
905.5352724220
861.6144138215
124.0326380198
796.4943157257
59.4617634009
703.8179188918
110.1723591755
735.8773775443
1453.6781662071
1455.5809378825
61.3466998021
643.1047671724
106.8884380065
672.0417126116
110.3652752646
835.6042832756
1647.4448434633
605.9276975699
90.4442271069
664.7241099021
64.0403052389
984.8145338240
61.5879975086
84.4443160094
983.0154396850
870.1320631487
113.7827209576
871.3300357845
1647.6348453637
1700.5971287004
61.6459553582
660.0756229326
93.4187059331
1701.6128616726
61.1563002257
778.9954477819
937.9980157750
443.1048591454
98.1766435151
977.2741756814
61.5853813937
106.4927012288
957.4774952766
1056.0956559239
80.7664043082
861.6763613879
825.7977546856
783.3134577291
98.2592131510
666.8853143280
107.9372545638
1447.8611981096
60.3352911626
883.3481167886
131.0316569875
1039.5351064156
61.6933803274
62.1577223658
1040.0066626291
682.4724241631
112.3943504146
793.3258707290
958.1501542843
901.1094864619
126.4248184004
788.1902209199
59.5196011009
733.2115861617
115.5300528644
786.0551060211
953.2814523560
897.3063693484
126.0690999239
785.2601932824
60.3487143680
692.3978448996
113.1766702667
849.7250510548
1642.6249597812
614.2831369437
90.7013675172
540.2835304783
108.0535808585
1003.8025977062
61.7648394907
62.6070281316
1004.6581812295
785.0599459628
119.3645685690
860.9510120538
1646.8410824382
1701.7212149485
61.5944708659
654.2059687175
93.2672728506
1697.0780443959
61.2307241916
720.9052313655
1447.0248872735
459.2524228356
89.9587540923
958.2641005954
61.5433864986
104.1213911434
937.6076827258
995.6892606158
63.2987781358
875.8523795035
811.5716389872
766.0876689494
98.8447351607
664.6602878121
109.3951907438
880.0562104855
122.2236201228
1080.6160918681
62.3424572405
755.3181661673
118.6786210799
61.9244757854
799.6881976136
864.3897739140
63.2470131765
897.4312688057
905.5352679075
861.6144073798
124.0326364439
796.4942497484
59.4617586834
703.8179134500
110.1723578871
735.8773279708
1453.6781357540
1455.5809121827
61.3466997840
643.1047654335
106.8884380636
672.0417126302
110.3652752657
835.6042832776
1647.4448434633
605.9276975700
90.4442271069
664.7241172949
64.0403052455
984.8145345811
61.5879975088
84.4443160122
983.0154404416
870.1320631975
113.7827209596
871.3300357891
1647.6348453641
1700.5971287009
61.6459553582
660.0756229330
93.4187059331
1701.6128616726
61.1563002257
778.9959926173
937.9979917247
446.9698436804
100.4237943738
991.6153841869
61.6779785699
62.5969458190
992.5459545663
783.9126813250
117.9111105540
833.0241037628
1584.7929320412
1633.2085202937
56.1351191064
678.1883194166
109.6467093795
869.5726758582
116.8556430186
1079.4972941059
62.2880352312
746.7051472182
115.6238905773
61.9815097820
793.2775270094
861.7504811841
63.1183820572
882.4330368700
890.3292313036
844.0173045725
120.6270850543
791.0396659306
59.5376475152
712.4650507743
112.9239712010
731.4532486286
1453.9291521360
1455.6839169658
61.2710704766
633.5251753315
102.9245214377
810.2039679262
99.2761296401
957.9198727667
957.7497404543
788.4149483648
56.1336491770
631.2345247570
103.4916471997
1048.3742151887
62.6108184141
62.7239797336
1048.5955912228
796.0818094418
117.7246060685
728.3343633043
1444.2392802244
1449.4918582335
61.3670559540
631.0353145172
91.8386987979
943.5190900467
118.9473305921
781.1413136424
928.3129522925
834.6430565878
127.8568634883
1038.2456490800
61.7480986780
62.5117826419
1039.0213711718
771.3313311361
117.3183278929
754.1281737326
2351.2500285093
2351.3851706874
56.1366268380
688.2035523118
112.5124219991
879.4938460371
121.8178121638
1080.6749202329
62.3453186626
755.6294910430
118.6949996637
61.9895802453
800.0933582149
864.2493328244
63.2321689464
895.4638278298
903.8505446228
860.2817553652
123.9768430444
796.9469559218
59.5134115329
713.4735061692
113.1182240042
737.3250070501
1454.6984487860
1456.5467564034
61.3394497213
642.1429607764
106.4981239536
856.3260146716
62.8377462432
834.0918200812
828.7088790852
744.2333985549
56.1344005801
653.1048804815
62.0898299624
727.4954119506
116.7043890694
62.3533863228
770.1611242044
753.4335741114
115.3455288652
718.6886891401
1424.9448327242
1430.1183275532
61.2885423707
621.9307423365
91.5270230988
801.0982279991
119.0132480649
781.6410350619
937.5662981825
